#   log(t)      Mwd  log(Teff) log(L/Lo)  U     B      V      R     I      FUV     NUV     G2    BP2    RP2    G3     BP3    RP3 
    5.788567 1.1000000  4.9408  0.5067  8.246  9.584  9.921 10.081 10.286  7.545  8.239  9.855  9.582 10.202  9.863  9.674 10.229
    5.793743 1.1000000  4.9341  0.4783  8.264  9.602  9.938 10.098 10.302  7.567  8.259  9.872  9.600 10.218  9.880  9.692 10.246
    5.799266 1.1000000  4.9258  0.4435  8.286  9.623  9.959 10.118 10.322  7.593  8.283  9.893  9.621 10.238  9.901  9.713 10.265
    5.805512 1.1000000  4.9177  0.4093  8.308  9.644  9.979 10.138 10.342  7.619  8.307  9.913  9.642 10.258  9.921  9.733 10.285
    5.812693 1.1000000  4.9096  0.3751  8.330  9.665  9.999 10.158 10.362  7.645  8.331  9.933  9.663 10.278  9.941  9.754 10.305
    5.820866 1.1000000  4.9014  0.3408  8.352  9.686 10.019 10.178 10.381  7.671  8.355  9.954  9.683 10.297  9.962  9.775 10.324
    5.830042 1.1000000  4.8932  0.3063  8.374  9.707 10.039 10.198 10.401  7.697  8.379  9.974  9.704 10.317  9.982  9.795 10.344
    5.840189 1.1000000  4.8850  0.2716  8.397  9.728 10.059 10.218 10.420  7.724  8.404  9.995  9.725 10.337 10.003  9.817 10.365
    5.851282 1.1000000  4.8768  0.2369  8.419  9.750 10.079 10.238 10.440  7.750  8.428 10.016  9.746 10.357 10.024  9.838 10.385
    5.863279 1.1000000  4.8685  0.2021  8.442  9.771 10.100 10.259 10.459  7.777  8.453 10.036  9.768 10.377 10.044  9.859 10.405
    5.876138 1.1000000  4.8602  0.1672  8.465  9.793 10.120 10.279 10.480  7.804  8.478 10.057  9.789 10.397 10.065  9.880 10.425
    5.889781 1.1000000  4.8519  0.1323  8.488  9.815 10.141 10.299 10.500  7.831  8.502 10.078  9.811 10.418 10.086  9.901 10.445
    5.904227 1.1000000  4.8435  0.0972  8.511  9.837 10.161 10.320 10.520  7.859  8.527 10.099  9.832 10.438 10.107  9.923 10.465
    5.919406 1.1000000  4.8352  0.0623  8.533  9.859 10.182 10.340 10.540  7.886  8.552 10.120  9.854 10.458 10.128  9.944 10.485
    5.935342 1.1000000  4.8269  0.0273  8.556  9.880 10.202 10.360 10.560  7.914  8.577 10.141  9.875 10.478 10.149  9.965 10.505
    5.952127 1.1000000  4.8186 -0.0077  8.579  9.902 10.222 10.380 10.579  7.941  8.602 10.162  9.896 10.498 10.170  9.986 10.525
    5.969706 1.1000000  4.8102 -0.0426  8.602  9.923 10.242 10.400 10.599  7.968  8.627 10.183  9.918 10.518 10.190 10.008 10.545
    5.988197 1.1000000  4.8019 -0.0775  8.625  9.945 10.263 10.420 10.619  7.996  8.652 10.203  9.939 10.538 10.211 10.029 10.565
    6.007680 1.1000000  4.7936 -0.1124  8.648  9.967 10.283 10.441 10.639  8.024  8.677 10.224  9.961 10.558 10.233 10.050 10.585
    6.028168 1.1000000  4.7853 -0.1471  8.672  9.989 10.304 10.461 10.659  8.052  8.703 10.245  9.982 10.578 10.254 10.072 10.605
    6.049907 1.1000000  4.7770 -0.1819  8.695 10.012 10.324 10.482 10.679  8.080  8.729 10.266 10.004 10.599 10.275 10.093 10.626
    6.072921 1.1000000  4.7687 -0.2166  8.719 10.034 10.345 10.502 10.699  8.108  8.754 10.287 10.026 10.619 10.296 10.115 10.646
    6.097393 1.1000000  4.7605 -0.2512  8.742 10.056 10.365 10.522 10.719  8.137  8.780 10.308 10.048 10.639 10.317 10.136 10.666
    6.123386 1.1000000  4.7522 -0.2857  8.766 10.078 10.386 10.542 10.739  8.165  8.806 10.329 10.069 10.659 10.338 10.158 10.686
    6.151169 1.1000000  4.7440 -0.3202  8.789 10.100 10.407 10.563 10.759  8.194  8.832 10.351 10.092 10.679 10.360 10.180 10.707
    6.180783 1.1000000  4.7358 -0.3546  8.813 10.122 10.428 10.583 10.779  8.223  8.859 10.372 10.114 10.700 10.381 10.202 10.727
    6.212632 1.1000000  4.7276 -0.3888  8.837 10.145 10.448 10.604 10.799  8.252  8.885 10.394 10.136 10.720 10.402 10.224 10.748
    6.247282 1.1000000  4.7195 -0.4228  8.861 10.167 10.469 10.624 10.819  8.281  8.912 10.415 10.158 10.740 10.423 10.246 10.768
    6.285226 1.1000000  4.7114 -0.4566  8.885 10.189 10.489 10.645 10.839  8.310  8.938 10.436 10.179 10.760 10.444 10.267 10.788
    6.327412 1.1000000  4.7033 -0.4902  8.909 10.212 10.510 10.665 10.859  8.339  8.964 10.457 10.201 10.781 10.466 10.289 10.808
    6.374874 1.1000000  4.6954 -0.5234  8.933 10.234 10.530 10.686 10.879  8.369  8.991 10.478 10.223 10.801 10.487 10.311 10.828
    6.429232 1.1000000  4.6875 -0.5563  8.957 10.257 10.551 10.707 10.899  8.398  9.018 10.499 10.245 10.821 10.508 10.333 10.848
    6.492230 1.1000000  4.6797 -0.5888  8.981 10.280 10.572 10.727 10.919  8.428  9.045 10.521 10.268 10.842 10.530 10.355 10.869
    6.566062 1.1000000  4.6721 -0.6210  9.006 10.303 10.593 10.748 10.939  8.458  9.073 10.543 10.290 10.862 10.552 10.377 10.889
    6.652314 1.1000000  4.6644 -0.6531  9.031 10.326 10.615 10.769 10.960  8.488  9.100 10.565 10.313 10.883 10.574 10.400 10.910
    6.750973 1.1000000  4.6568 -0.6852  9.057 10.349 10.636 10.790 10.981  8.519  9.129 10.587 10.336 10.904 10.596 10.422 10.931
    6.858269 1.1000000  4.6490 -0.7180  9.084 10.374 10.659 10.813 11.003  8.551  9.158 10.610 10.360 10.927 10.620 10.447 10.954
    6.966829 1.1000000  4.6410 -0.7515  9.112 10.400 10.683 10.836 11.026  8.585  9.189 10.634 10.386 10.950 10.644 10.472 10.977
    7.069788 1.1000000  4.6329 -0.7857  9.141 10.426 10.707 10.860 11.049  8.620  9.221 10.660 10.412 10.973 10.669 10.497 11.000
    7.164345 1.1000000  4.6246 -0.8203  9.171 10.454 10.732 10.884 11.073  8.655  9.254 10.685 10.438 10.998 10.695 10.524 11.024
    7.250672 1.1000000  4.6163 -0.8551  9.201 10.481 10.756 10.909 11.097  8.692  9.287 10.711 10.465 11.022 10.721 10.551 11.048
    7.329175 1.1000000  4.6079 -0.8901  9.232 10.509 10.782 10.934 11.121  8.729  9.321 10.737 10.492 11.047 10.747 10.578 11.073
    7.400739 1.1000000  4.5994 -0.9253  9.264 10.538 10.808 10.959 11.146  8.767  9.356 10.764 10.520 11.072 10.774 10.606 11.098
    7.465995 1.1000000  4.5908 -0.9606  9.297 10.569 10.835 10.986 11.173  8.807  9.394 10.793 10.550 11.099 10.802 10.636 11.125
    7.525740 1.1000000  4.5823 -0.9960  9.332 10.600 10.863 11.014 11.199  8.848  9.432 10.822 10.581 11.126 10.832 10.666 11.152
    7.580655 1.1000000  4.5737 -1.0316  9.368 10.633 10.892 11.043 11.227  8.890  9.472 10.852 10.612 11.155 10.862 10.698 11.180
    7.631217 1.1000000  4.5651 -1.0671  9.405 10.666 10.921 11.072 11.255  8.933  9.513 10.883 10.645 11.183 10.893 10.729 11.209
    7.678157 1.1000000  4.5564 -1.1027  9.443 10.700 10.951 11.102 11.284  8.978  9.555 10.915 10.678 11.212 10.924 10.762 11.239
    7.721901 1.1000000  4.5478 -1.1383  9.482 10.735 10.982 11.132 11.313  9.023  9.598 10.947 10.712 11.242 10.957 10.796 11.269
    7.762940 1.1000000  4.5392 -1.1739  9.524 10.773 11.014 11.165 11.344  9.072  9.645 10.981 10.749 11.274 10.991 10.832 11.301
    7.801713 1.1000000  4.5305 -1.2095  9.570 10.813 11.049 11.199 11.378  9.124  9.695 11.018 10.788 11.308 11.028 10.870 11.335
    7.838627 1.1000000  4.5218 -1.2450  9.618 10.855 11.085 11.235 11.412  9.178  9.747 11.056 10.828 11.343 11.067 10.910 11.370
    7.874139 1.1000000  4.5133 -1.2804  9.667 10.898 11.123 11.272 11.448  9.234  9.801 11.096 10.870 11.380 11.106 10.951 11.407
    7.908633 1.1000000  4.5046 -1.3159  9.719 10.944 11.162 11.310 11.485  9.293  9.858 11.137 10.914 11.418 11.148 10.995 11.445
    7.942096 1.1000000  4.4960 -1.3513  9.773 10.990 11.202 11.350 11.523  9.353  9.916 11.179 10.959 11.457 11.190 11.039 11.483
    7.974665 1.1000000  4.4874 -1.3868  9.829 11.039 11.243 11.391 11.563  9.416  9.977 11.223 11.006 11.497 11.234 11.085 11.524
    8.006457 1.1000000  4.4788 -1.4222  9.887 11.089 11.286 11.433 11.603  9.480 10.040 11.269 11.054 11.539 11.280 11.133 11.566
    8.037569 1.1000000  4.4702 -1.4576  9.944 11.138 11.327 11.474 11.642  9.547 10.103 11.312 11.100 11.578 11.323 11.179 11.605
    8.068051 1.1000000  4.4615 -1.4930 10.001 11.186 11.368 11.513 11.679  9.615 10.168 11.355 11.147 11.617 11.367 11.224 11.644
    8.097945 1.1000000  4.4529 -1.5286 10.059 11.235 11.410 11.554 11.718  9.686 10.235 11.399 11.194 11.657 11.410 11.271 11.683
    8.127224 1.1000000  4.4442 -1.5640 10.118 11.284 11.451 11.594 11.756  9.759 10.303 11.443 11.241 11.696 11.455 11.317 11.722
    8.156113 1.1000000  4.4355 -1.5994 10.178 11.334 11.493 11.635 11.794  9.834 10.373 11.487 11.289 11.735 11.499 11.364 11.762
    8.184669 1.1000000  4.4269 -1.6347 10.239 11.385 11.535 11.676 11.832  9.911 10.444 11.532 11.337 11.775 11.544 11.412 11.801
    8.212928 1.1000000  4.4182 -1.6701 10.301 11.437 11.578 11.717 11.871  9.990 10.517 11.577 11.386 11.815 11.589 11.460 11.841
    8.240914 1.1000000  4.4095 -1.7055 10.364 11.489 11.622 11.759 11.910 10.071 10.592 11.623 11.436 11.855 11.635 11.509 11.881
    8.268667 1.1000000  4.4009 -1.7409 10.428 11.542 11.666 11.801 11.949 10.154 10.668 11.669 11.486 11.896 11.682 11.558 11.922
    8.296279 1.1000000  4.3922 -1.7763 10.489 11.591 11.707 11.841 11.986 10.236 10.741 11.712 11.533 11.934 11.725 11.605 11.960
    8.323748 1.1000000  4.3836 -1.8116 10.546 11.638 11.746 11.878 12.020 10.316 10.811 11.753 11.578 11.970 11.766 11.649 11.995
    8.351073 1.1000000  4.3749 -1.8470 10.604 11.685 11.784 11.915 12.055 10.396 10.881 11.794 11.622 12.006 11.807 11.692 12.031
    8.378299 1.1000000  4.3663 -1.8823 10.660 11.731 11.822 11.952 12.088 10.478 10.951 11.834 11.665 12.040 11.847 11.735 12.065
    8.405467 1.1000000  4.3576 -1.9177 10.717 11.776 11.859 11.987 12.121 10.560 11.021 11.873 11.708 12.074 11.886 11.777 12.099
    8.432604 1.1000000  4.3489 -1.9530 10.773 11.821 11.896 12.023 12.153 10.643 11.091 11.912 11.751 12.108 11.925 11.819 12.133
    8.459731 1.1000000  4.3403 -1.9883 10.828 11.865 11.932 12.057 12.185 10.727 11.161 11.950 11.792 12.141 11.963 11.860 12.165
    8.486798 1.1000000  4.3316 -2.0237 10.883 11.909 11.968 12.091 12.216 10.812 11.230 11.987 11.834 12.173 12.001 11.900 12.197
    8.513800 1.1000000  4.3229 -2.0591 10.938 11.952 12.003 12.124 12.246 10.898 11.301 12.024 11.874 12.204 12.038 11.940 12.229
    8.540852 1.1000000  4.3142 -2.0944 10.992 11.995 12.037 12.157 12.276 10.984 11.370 12.060 11.914 12.235 12.074 11.979 12.260
    8.567964 1.1000000  4.3055 -2.1297 11.045 12.037 12.071 12.189 12.305 11.071 11.440 12.096 11.954 12.265 12.110 12.018 12.289
    8.595141 1.1000000  4.2968 -2.1650 11.100 12.079 12.106 12.221 12.335 11.158 11.510 12.132 11.994 12.296 12.146 12.057 12.320
    8.622383 1.1000000  4.2881 -2.2004 11.156 12.124 12.141 12.255 12.365 11.246 11.581 12.169 12.035 12.328 12.183 12.097 12.352
    8.649685 1.1000000  4.2795 -2.2357 11.211 12.168 12.176 12.288 12.395 11.335 11.652 12.206 12.076 12.359 12.220 12.138 12.383
    8.677057 1.1000000  4.2708 -2.2709 11.266 12.212 12.211 12.321 12.424 11.423 11.723 12.243 12.116 12.390 12.257 12.177 12.414
    8.704594 1.1000000  4.2621 -2.3063 11.322 12.256 12.246 12.354 12.454 11.513 11.795 12.279 12.157 12.421 12.294 12.218 12.445
    8.732119 1.1000000  4.2534 -2.3417 11.378 12.300 12.281 12.387 12.484 11.604 11.867 12.316 12.198 12.452 12.331 12.258 12.476
    8.759604 1.1000000  4.2447 -2.3770 11.433 12.344 12.315 12.420 12.513 11.695 11.939 12.352 12.238 12.483 12.367 12.297 12.506
    8.787102 1.1000000  4.2361 -2.4124 11.489 12.388 12.349 12.452 12.542 11.787 12.011 12.389 12.279 12.513 12.403 12.337 12.537
    8.814652 1.1000000  4.2274 -2.4477 11.544 12.432 12.384 12.484 12.570 11.880 12.083 12.424 12.319 12.543 12.439 12.377 12.567
    8.841827 1.1000000  4.2188 -2.4826 11.598 12.475 12.418 12.516 12.598 11.976 12.154 12.460 12.359 12.573 12.475 12.415 12.596
    8.867708 1.1000000  4.2105 -2.5161 11.648 12.516 12.450 12.545 12.624 12.069 12.223 12.493 12.396 12.600 12.509 12.452 12.623
    8.892330 1.1000000  4.2025 -2.5482 11.695 12.555 12.480 12.573 12.647 12.161 12.290 12.525 12.431 12.625 12.540 12.487 12.648
    8.915808 1.1000000  4.1949 -2.5787 11.739 12.592 12.510 12.599 12.669 12.252 12.354 12.554 12.464 12.648 12.570 12.520 12.672
    8.938240 1.1000000  4.1879 -2.6070 11.779 12.626 12.537 12.623 12.690 12.341 12.414 12.582 12.495 12.670 12.598 12.550 12.694
    8.959989 1.1000000  4.1813 -2.6340 11.816 12.658 12.563 12.647 12.709 12.428 12.471 12.608 12.525 12.691 12.624 12.579 12.714
    8.983081 1.1000000  4.1750 -2.6599 11.851 12.688 12.588 12.668 12.727 12.517 12.526 12.632 12.552 12.710 12.649 12.606 12.733
    9.009465 1.1000000  4.1688 -2.6849 11.883 12.716 12.611 12.688 12.743 12.608 12.578 12.655 12.577 12.728 12.671 12.631 12.750
    9.034197 1.1000000  4.1630 -2.7088 11.912 12.742 12.632 12.706 12.759 12.700 12.628 12.676 12.600 12.743 12.692 12.654 12.766
    9.058960 1.1000000  4.1572 -2.7323 11.940 12.767 12.653 12.724 12.773 12.799 12.677 12.696 12.623 12.759 12.712 12.676 12.782
    9.083096 1.1000000  4.1514 -2.7554 11.966 12.790 12.673 12.741 12.787 12.904 12.725 12.715 12.645 12.773 12.732 12.698 12.796
    9.106853 1.1000000  4.1459 -2.7778 11.991 12.813 12.692 12.757 12.800 13.012 12.772 12.734 12.665 12.787 12.750 12.718 12.810
    9.128631 1.1000000  4.1404 -2.8000 12.016 12.835 12.711 12.774 12.813 13.125 12.818 12.752 12.686 12.801 12.768 12.738 12.824
    9.150088 1.1000000  4.1351 -2.8216 12.040 12.857 12.730 12.790 12.826 13.241 12.864 12.770 12.706 12.815 12.786 12.758 12.838
    9.169725 1.1000000  4.1299 -2.8427 12.064 12.878 12.748 12.805 12.838 13.359 12.909 12.787 12.726 12.829 12.804 12.778 12.851
    9.188640 1.1000000  4.1248 -2.8634 12.088 12.900 12.767 12.821 12.851 13.482 12.954 12.805 12.746 12.843 12.822 12.798 12.865
    9.207213 1.1000000  4.1198 -2.8837 12.113 12.922 12.787 12.837 12.864 13.608 12.999 12.823 12.766 12.856 12.840 12.818 12.878
    9.225284 1.1000000  4.1149 -2.9036 12.137 12.944 12.806 12.853 12.877 13.737 13.044 12.841 12.787 12.870 12.858 12.838 12.892
    9.241502 1.1000000  4.1101 -2.9231 12.163 12.967 12.827 12.871 12.891 13.864 13.090 12.861 12.808 12.885 12.877 12.860 12.907
    9.258001 1.1000000  4.1054 -2.9420 12.191 12.991 12.849 12.889 12.906 13.988 13.136 12.881 12.831 12.901 12.898 12.882 12.923
    9.272857 1.1000000  4.1008 -2.9606 12.219 13.017 12.871 12.908 12.922 14.113 13.184 12.902 12.855 12.917 12.918 12.905 12.939
    9.288876 1.1000000  4.0963 -2.9789 12.249 13.042 12.894 12.928 12.938 14.237 13.231 12.924 12.879 12.933 12.940 12.929 12.956
    9.304013 1.1000000  4.0916 -2.9975 12.278 13.069 12.917 12.947 12.954 14.371 13.280 12.945 12.903 12.950 12.962 12.953 12.973
    9.318275 1.1000000  4.0871 -3.0155 12.308 13.095 12.941 12.967 12.970 14.502 13.329 12.967 12.928 12.967 12.984 12.977 12.990
    9.332252 1.1000000  4.0828 -3.0327 12.337 13.121 12.964 12.987 12.986 14.629 13.375 12.989 12.952 12.984 13.006 13.001 13.006
    9.345270 1.1000000  4.0787 -3.0492 12.366 13.147 12.987 13.007 13.002 14.754 13.421 13.011 12.976 13.002 13.027 13.025 13.023
    9.357938 1.1000000  4.0747 -3.0654 12.394 13.173 13.010 13.027 13.018 14.886 13.466 13.032 13.000 13.019 13.049 13.049 13.040
    9.370801 1.1000000  4.0709 -3.0811 12.422 13.198 13.034 13.047 13.034 15.019 13.509 13.054 13.024 13.036 13.070 13.073 13.057
    9.381658 1.1000000  4.0671 -3.0964 12.449 13.223 13.057 13.066 13.050 15.152 13.552 13.075 13.047 13.053 13.092 13.096 13.074
    9.393392 1.1000000  4.0635 -3.1115 12.477 13.248 13.080 13.086 13.067 15.288 13.594 13.096 13.071 13.070 13.113 13.120 13.092
    9.404836 1.1000000  4.0598 -3.1263 12.504 13.272 13.103 13.106 13.083 15.427 13.636 13.117 13.094 13.087 13.134 13.143 13.109
    9.416047 1.1000000  4.0561 -3.1412 12.532 13.298 13.127 13.126 13.100 15.569 13.680 13.139 13.118 13.104 13.156 13.167 13.126
    9.427068 1.1000000  4.0526 -3.1557 12.559 13.323 13.150 13.147 13.117 15.710 13.723 13.161 13.142 13.122 13.178 13.191 13.144
    9.438021 1.1000000  4.0491 -3.1700 12.586 13.349 13.174 13.167 13.134 15.853 13.766 13.183 13.167 13.139 13.200 13.215 13.161
    9.448108 1.1000000  4.0456 -3.1839 12.613 13.374 13.198 13.187 13.150 15.995 13.808 13.205 13.190 13.157 13.222 13.239 13.179
    9.457072 1.1000000  4.0423 -3.1976 12.639 13.399 13.222 13.207 13.168 16.138 13.850 13.227 13.215 13.174 13.244 13.263 13.196
    9.466946 1.1000000  4.0390 -3.2111 12.666 13.425 13.246 13.228 13.185 16.273 13.893 13.249 13.239 13.192 13.266 13.287 13.214
    9.475936 1.1000000  4.0357 -3.2244 12.692 13.450 13.270 13.248 13.202 16.403 13.935 13.271 13.263 13.210 13.288 13.311 13.232
    9.484738 1.1000000  4.0324 -3.2377 12.719 13.475 13.294 13.269 13.219 16.533 13.978 13.293 13.287 13.228 13.310 13.335 13.249
    9.493046 1.1000000  4.0291 -3.2509 12.746 13.501 13.319 13.290 13.236 16.660 14.021 13.316 13.311 13.246 13.332 13.359 13.268
    9.500237 1.1000000  4.0259 -3.2638 12.772 13.527 13.343 13.311 13.253 16.785 14.064 13.338 13.336 13.264 13.355 13.383 13.286
    9.507551 1.1000000  4.0227 -3.2765 12.799 13.552 13.368 13.332 13.271 16.907 14.106 13.361 13.360 13.283 13.377 13.408 13.304
    9.515700 1.1000000  4.0197 -3.2890 12.825 13.577 13.392 13.353 13.288 17.024 14.149 13.383 13.384 13.301 13.399 13.432 13.321
    9.523682 1.1000000  4.0166 -3.3014 12.851 13.603 13.416 13.374 13.305 17.136 14.191 13.405 13.408 13.319 13.421 13.455 13.339
    9.531505 1.1000000  4.0136 -3.3136 12.877 13.627 13.440 13.395 13.322 17.245 14.233 13.427 13.432 13.336 13.443 13.479 13.357
    9.539165 1.1000000  4.0106 -3.3257 12.903 13.652 13.464 13.415 13.339 17.352 14.275 13.448 13.456 13.354 13.465 13.503 13.375
    9.546728 1.1000000  4.0076 -3.3376 12.928 13.677 13.487 13.436 13.357 17.455 14.317 13.470 13.480 13.372 13.487 13.527 13.393
    9.553936 1.1000000  4.0047 -3.3494 12.954 13.702 13.511 13.456 13.374 17.556 14.358 13.492 13.503 13.390 13.508 13.551 13.410
    9.560308 1.1000000  4.0018 -3.3611 12.980 13.727 13.535 13.477 13.391 17.654 14.400 13.513 13.527 13.407 13.530 13.574 13.428
    9.567466 1.1000000  3.9990 -3.3726 13.005 13.751 13.558 13.497 13.408 17.751 14.441 13.535 13.550 13.425 13.552 13.598 13.446
    9.574295 1.1000000  3.9961 -3.3841 13.030 13.775 13.581 13.517 13.424 17.854 14.483 13.556 13.573 13.442 13.573 13.621 13.463
    9.580335 1.1000000  3.9933 -3.3954 13.054 13.799 13.604 13.537 13.441 17.955 14.524 13.576 13.596 13.459 13.593 13.643 13.480
    9.586982 1.1000000  3.9906 -3.4066 13.079 13.823 13.627 13.556 13.457 18.056 14.565 13.597 13.619 13.476 13.614 13.666 13.497
    9.592633 1.1000000  3.9878 -3.4177 13.103 13.846 13.649 13.576 13.473 18.156 14.606 13.618 13.641 13.493 13.635 13.688 13.514
    9.598190 1.1000000  3.9851 -3.4287 13.127 13.870 13.672 13.595 13.490 18.256 14.647 13.638 13.663 13.510 13.655 13.710 13.531
    9.603810 1.1000000  3.9824 -3.4395 13.151 13.893 13.694 13.614 13.505 18.354 14.688 13.658 13.685 13.526 13.675 13.732 13.547
    9.610088 1.1000000  3.9798 -3.4502 13.175 13.916 13.715 13.633 13.521 18.453 14.729 13.678 13.707 13.543 13.695 13.753 13.563
    9.615387 1.1000000  3.9771 -3.4609 13.199 13.939 13.737 13.652 13.537 18.552 14.769 13.698 13.729 13.559 13.715 13.775 13.580
    9.620604 1.1000000  3.9745 -3.4714 13.222 13.962 13.758 13.670 13.552 18.653 14.810 13.718 13.751 13.575 13.734 13.796 13.596
    9.625926 1.1000000  3.9719 -3.4819 13.246 13.984 13.780 13.688 13.568 18.756 14.852 13.737 13.772 13.592 13.754 13.818 13.612
    9.631871 1.1000000  3.9693 -3.4923 13.269 14.007 13.801 13.707 13.583 18.859 14.893 13.757 13.793 13.608 13.773 13.839 13.628
    9.636850 1.1000000  3.9668 -3.5025 13.292 14.029 13.822 13.725 13.598 18.961 14.934 13.776 13.814 13.623 13.792 13.860 13.643
    9.641752 1.1000000  3.9642 -3.5126 13.315 14.051 13.842 13.743 13.613 19.063 14.975 13.795 13.835 13.639 13.811 13.880 13.659
    9.646333 1.1000000  3.9618 -3.5226 13.338 14.073 13.863 13.760 13.628 19.165 15.016 13.813 13.856 13.654 13.830 13.901 13.674
    9.650691 1.1000000  3.9593 -3.5324 13.361 14.094 13.883 13.778 13.642 19.267 15.056 13.832 13.876 13.669 13.848 13.921 13.689
    9.655443 1.1000000  3.9569 -3.5422 13.384 14.116 13.903 13.795 13.657 19.369 15.097 13.850 13.897 13.684 13.867 13.941 13.705
    9.660134 1.1000000  3.9545 -3.5519 13.406 14.137 13.923 13.812 13.671 19.470 15.137 13.868 13.917 13.700 13.885 13.962 13.720
    9.664742 1.1000000  3.9521 -3.5615 13.429 14.158 13.942 13.829 13.686 19.573 15.179 13.886 13.937 13.714 13.903 13.981 13.734
    9.669313 1.1000000  3.9497 -3.5710 13.451 14.179 13.962 13.846 13.700 19.675 15.220 13.904 13.956 13.729 13.921 14.001 13.749
    9.673806 1.1000000  3.9474 -3.5804 13.473 14.200 13.981 13.863 13.714 19.777 15.261 13.922 13.976 13.744 13.939 14.020 13.764
    9.678176 1.1000000  3.9451 -3.5897 13.496 14.221 14.000 13.879 13.728 19.879 15.302 13.939 13.995 13.758 13.956 14.040 13.778
    9.682133 1.1000000  3.9428 -3.5990 13.518 14.242 14.019 13.895 13.741 19.982 15.344 13.957 14.015 13.772 13.974 14.059 13.792
    9.686450 1.1000000  3.9405 -3.6082 13.540 14.262 14.038 13.912 13.755 20.085 15.385 13.974 14.034 13.787 13.991 14.078 13.807
    9.690687 1.1000000  3.9383 -3.6172 13.562 14.282 14.056 13.928 13.769 20.187 15.426 13.991 14.053 13.801 14.008 14.097 13.821
    9.694496 1.1000000  3.9360 -3.6263 13.584 14.303 14.075 13.944 13.782 20.290 15.468 14.008 14.072 13.815 14.025 14.116 13.835
    9.698682 1.1000000  3.9338 -3.6352 13.606 14.323 14.093 13.959 13.795 20.393 15.510 14.025 14.090 13.829 14.042 14.134 13.849
    9.702604 1.1000000  3.9316 -3.6441 13.628 14.343 14.111 13.975 13.809 20.496 15.551 14.042 14.109 13.842 14.059 14.153 13.862
    9.706666 1.1000000  3.9294 -3.6529 13.649 14.363 14.129 13.991 13.822 20.599 15.593 14.059 14.127 13.856 14.076 14.171 13.876
    9.710630 1.1000000  3.9273 -3.6617 13.671 14.383 14.148 14.006 13.835 20.699 15.636 14.075 14.146 13.870 14.092 14.190 13.890
    9.713776 1.1000000  3.9251 -3.6703 13.693 14.403 14.165 14.022 13.848 20.799 15.678 14.092 14.164 13.883 14.109 14.208 13.903
    9.717664 1.1000000  3.9230 -3.6789 13.715 14.423 14.183 14.037 13.861 20.898 15.722 14.108 14.183 13.897 14.125 14.226 13.916
    9.720726 1.1000000  3.9209 -3.6874 13.737 14.442 14.200 14.052 13.873 20.997 15.765 14.124 14.201 13.910 14.141 14.244 13.930
    9.724594 1.1000000  3.9188 -3.6958 13.758 14.462 14.218 14.067 13.886 21.095 15.808 14.140 14.219 13.923 14.157 14.262 13.943
    9.728354 1.1000000  3.9167 -3.7042 13.780 14.482 14.235 14.082 13.898 21.192 15.851 14.156 14.237 13.936 14.173 14.280 13.956
    9.731331 1.1000000  3.9146 -3.7125 13.802 14.501 14.252 14.097 13.911 21.290 15.895 14.172 14.255 13.949 14.189 14.297 13.969
    9.735045 1.1000000  3.9126 -3.7208 13.823 14.520 14.269 14.112 13.923 21.388 15.939 14.188 14.273 13.962 14.205 14.315 13.982
    9.737944 1.1000000  3.9105 -3.7291 13.845 14.540 14.286 14.126 13.936 21.486 15.983 14.204 14.291 13.975 14.221 14.333 13.995
    9.741618 1.1000000  3.9085 -3.7373 13.867 14.559 14.303 14.141 13.948 21.584 16.027 14.220 14.308 13.988 14.237 14.350 14.007
    9.745228 1.1000000  3.9064 -3.7454 13.888 14.578 14.320 14.155 13.960 21.680 16.072 14.236 14.326 14.001 14.252 14.368 14.020
    9.748003 1.1000000  3.9044 -3.7535 13.910 14.598 14.336 14.170 13.972 21.778 16.117 14.251 14.344 14.013 14.268 14.385 14.032
    9.751548 1.1000000  3.9024 -3.7615 13.932 14.617 14.353 14.184 13.984 21.871 16.161 14.267 14.361 14.026 14.283 14.403 14.045
    9.754258 1.1000000  3.9004 -3.7695 13.954 14.636 14.370 14.199 13.996 21.962 16.208 14.282 14.379 14.039 14.299 14.420 14.057
    9.757739 1.1000000  3.8985 -3.7774 13.976 14.655 14.386 14.213 14.008 22.050 16.254 14.297 14.396 14.051 14.314 14.437 14.070
    9.760388 1.1000000  3.8965 -3.7853 13.998 14.674 14.403 14.227 14.020 22.138 16.300 14.312 14.413 14.063 14.329 14.454 14.082
    9.763809 1.1000000  3.8946 -3.7931 14.020 14.693 14.419 14.241 14.032 22.225 16.347 14.327 14.430 14.075 14.344 14.471 14.094
    9.766409 1.1000000  3.8926 -3.8009 14.042 14.712 14.435 14.255 14.043 22.311 16.394 14.342 14.448 14.088 14.359 14.488 14.107
    9.769002 1.1000000  3.8907 -3.8087 14.064 14.731 14.451 14.269 14.055 22.396 16.441 14.358 14.465 14.100 14.375 14.505 14.119
    9.772384 1.1000000  3.8888 -3.8164 14.086 14.750 14.467 14.283 14.067 22.480 16.489 14.372 14.482 14.112 14.390 14.522 14.131
    9.774931 1.1000000  3.8869 -3.8240 14.108 14.768 14.483 14.296 14.078 22.563 16.536 14.387 14.499 14.124 14.404 14.539 14.143
    9.778262 1.1000000  3.8850 -3.8317 14.131 14.787 14.500 14.310 14.089 22.646 16.585 14.402 14.516 14.136 14.419 14.556 14.155
    9.780755 1.1000000  3.8831 -3.8393 14.153 14.806 14.515 14.324 14.101 22.728 16.633 14.417 14.533 14.148 14.434 14.573 14.166
    9.783237 1.1000000  3.8812 -3.8468 14.175 14.825 14.531 14.337 14.112 22.808 16.682 14.431 14.550 14.159 14.449 14.589 14.178
    9.786308 1.1000000  3.8793 -3.8543 14.198 14.843 14.547 14.351 14.123 22.888 16.731 14.446 14.566 14.171 14.464 14.606 14.190
    9.788756 1.1000000  3.8775 -3.8618 14.220 14.862 14.563 14.364 14.135 22.967 16.780 14.460 14.583 14.183 14.478 14.623 14.202
    9.791604 1.1000000  3.8756 -3.8693 14.243 14.881 14.579 14.378 14.146 23.046 16.830 14.475 14.600 14.194 14.493 14.639 14.213
    9.794417 1.1000000  3.8738 -3.8767 14.266 14.899 14.594 14.391 14.157 23.123 16.880 14.489 14.617 14.206 14.508 14.656 14.225
    9.797210 1.1000000  3.8720 -3.8840 14.288 14.918 14.610 14.404 14.168 23.198 16.931 14.504 14.633 14.217 14.522 14.672 14.236
    9.799589 1.1000000  3.8701 -3.8913 14.311 14.937 14.625 14.418 14.179 23.273 16.983 14.518 14.650 14.229 14.536 14.689 14.248
    9.802256 1.1000000  3.8683 -3.8986 14.334 14.955 14.641 14.431 14.190 23.347 17.035 14.533 14.667 14.240 14.551 14.705 14.259
    9.804814 1.1000000  3.8665 -3.9059 14.358 14.974 14.656 14.444 14.201 23.421 17.088 14.547 14.684 14.252 14.565 14.722 14.271
    9.807348 1.1000000  3.8647 -3.9131 14.381 14.993 14.672 14.457 14.212 23.493 17.140 14.561 14.700 14.263 14.579 14.738 14.282
    9.810080 1.1000000  3.8629 -3.9202 14.404 15.012 14.687 14.470 14.222 23.564 17.193 14.575 14.717 14.274 14.594 14.754 14.293
    9.812600 1.1000000  3.8612 -3.9274 14.427 15.031 14.702 14.483 14.233 23.635 17.246 14.590 14.733 14.286 14.608 14.771 14.305
    9.815092 1.1000000  3.8594 -3.9344 14.451 15.049 14.717 14.496 14.244 23.704 17.299 14.604 14.750 14.297 14.622 14.787 14.316
    9.817583 1.1000000  3.8577 -3.9415 14.474 15.068 14.733 14.509 14.254 23.773 17.353 14.618 14.766 14.308 14.636 14.803 14.327
    9.820049 1.1000000  3.8559 -3.9485 14.497 15.086 14.748 14.521 14.265 23.841 17.407 14.632 14.783 14.319 14.650 14.819 14.338
    9.822507 1.1000000  3.8542 -3.9554 14.521 15.105 14.763 14.534 14.275 23.908 17.461 14.646 14.799 14.330 14.664 14.835 14.349
    9.824960 1.1000000  3.8525 -3.9623 14.544 15.123 14.778 14.546 14.286 23.974 17.516 14.660 14.815 14.341 14.678 14.851 14.360
    9.827390 1.1000000  3.8507 -3.9692 14.568 15.142 14.793 14.559 14.296 24.040 17.571 14.674 14.831 14.352 14.691 14.867 14.371
    9.829817 1.1000000  3.8490 -3.9761 14.592 15.161 14.808 14.572 14.307 24.104 17.626 14.688 14.848 14.363 14.705 14.883 14.381
    9.832227 1.1000000  3.8473 -3.9828 14.615 15.179 14.822 14.584 14.317 24.168 17.681 14.701 14.863 14.374 14.719 14.899 14.392
    9.834627 1.1000000  3.8456 -3.9896 14.639 15.197 14.837 14.596 14.327 24.231 17.736 14.715 14.880 14.385 14.732 14.915 14.403
    9.836965 1.1000000  3.8440 -3.9963 14.663 15.216 14.852 14.608 14.337 24.295 17.792 14.728 14.896 14.395 14.746 14.931 14.413
    9.839340 1.1000000  3.8423 -4.0031 14.687 15.235 14.867 14.621 14.348 24.360 17.848 14.742 14.912 14.406 14.760 14.947 14.424
    9.841702 1.1000000  3.8406 -4.0097 14.712 15.253 14.881 14.633 14.358 24.424 17.904 14.756 14.928 14.417 14.773 14.963 14.435
    9.844057 1.1000000  3.8390 -4.0164 14.736 15.272 14.896 14.646 14.368 24.487 17.960 14.770 14.945 14.428 14.787 14.979 14.446
    9.846296 1.1000000  3.8373 -4.0230 14.761 15.291 14.911 14.658 14.378 24.551 18.017 14.783 14.961 14.439 14.801 14.995 14.456
    9.848626 1.1000000  3.8357 -4.0295 14.786 15.309 14.926 14.670 14.388 24.613 18.073 14.797 14.977 14.449 14.814 15.011 14.467
    9.850941 1.1000000  3.8341 -4.0361 14.811 15.328 14.940 14.683 14.398 24.676 18.130 14.810 14.993 14.460 14.828 15.027 14.478
    9.853147 1.1000000  3.8325 -4.0426 14.836 15.347 14.955 14.695 14.408 24.737 18.187 14.824 15.009 14.470 14.841 15.043 14.488
    9.855443 1.1000000  3.8308 -4.0491 14.861 15.366 14.970 14.707 14.419 24.799 18.244 14.837 15.025 14.481 14.855 15.058 14.499
    9.857630 1.1000000  3.8292 -4.0555 14.886 15.384 14.984 14.719 14.428 24.860 18.302 14.850 15.041 14.491 14.868 15.074 14.509
    9.859901 1.1000000  3.8276 -4.0620 14.912 15.403 14.999 14.732 14.439 24.921 18.360 14.864 15.057 14.502 14.882 15.090 14.520
    9.862066 1.1000000  3.8260 -4.0684 14.937 15.422 15.014 14.744 14.449 24.981 18.418 14.877 15.073 14.512 14.895 15.106 14.530
    9.864322 1.1000000  3.8245 -4.0747 14.963 15.441 15.028 14.756 14.458 25.040 18.476 14.891 15.089 14.523 14.909 15.122 14.540
    9.866460 1.1000000  3.8229 -4.0811 14.989 15.459 15.043 14.768 14.469 25.100 18.534 14.904 15.105 14.533 14.922 15.137 14.551
    9.868595 1.1000000  3.8213 -4.0874 15.014 15.478 15.057 14.780 14.478 25.159 18.592 14.917 15.121 14.543 14.935 15.153 14.561
    9.870817 1.1000000  3.8198 -4.0936 15.040 15.497 15.072 14.792 14.488 25.217 18.651 14.930 15.137 14.554 14.949 15.169 14.571
    9.872930 1.1000000  3.8182 -4.0999 15.066 15.516 15.086 14.804 14.498 25.276 18.710 14.944 15.153 14.564 14.962 15.185 14.582
    9.875028 1.1000000  3.8167 -4.1061 15.092 15.534 15.100 14.816 14.508 25.333 18.769 14.957 15.169 14.574 14.975 15.200 14.592
    9.877125 1.1000000  3.8151 -4.1123 15.118 15.553 15.115 14.828 14.518 25.391 18.828 14.970 15.185 14.584 14.988 15.216 14.602
    9.879206 1.1000000  3.8136 -4.1184 15.144 15.572 15.129 14.840 14.527 25.448 18.887 14.983 15.201 14.594 15.001 15.231 14.612
    9.881382 1.1000000  3.8121 -4.1246 15.170 15.591 15.144 14.852 14.537 25.506 18.945 14.996 15.217 14.605 15.015 15.247 14.622
    9.883445 1.1000000  3.8106 -4.1307 15.197 15.610 15.158 14.864 14.547 25.564 19.000 15.010 15.233 14.615 15.028 15.263 14.633
    9.885501 1.1000000  3.8091 -4.1367 15.224 15.629 15.173 14.876 14.557 25.622 19.056 15.023 15.249 14.626 15.041 15.279 14.643
    9.887549 1.1000000  3.8075 -4.1428 15.251 15.648 15.187 14.888 14.567 25.680 19.112 15.036 15.265 14.636 15.055 15.295 14.654
    9.889579 1.1000000  3.8060 -4.1488 15.278 15.668 15.202 14.900 14.577 25.738 19.167 15.050 15.281 14.647 15.068 15.311 14.664
    9.891611 1.1000000  3.8045 -4.1548 15.306 15.687 15.217 14.912 14.587 25.796 19.222 15.063 15.298 14.657 15.082 15.327 14.674
    9.893629 1.1000000  3.8031 -4.1608 15.333 15.706 15.231 14.925 14.597 25.853 19.278 15.076 15.314 14.668 15.095 15.343 14.685
    9.895637 1.1000000  3.8016 -4.1667 15.360 15.726 15.246 14.937 14.607 25.910 19.332 15.090 15.330 14.678 15.108 15.358 14.695
    9.897609 1.1000000  3.8001 -4.1726 15.388 15.745 15.260 14.949 14.617 25.967 19.387 15.103 15.346 14.688 15.122 15.374 14.706
    9.899599 1.1000000  3.7987 -4.1785 15.416 15.764 15.275 14.961 14.627 26.024 19.442 15.116 15.362 14.699 15.135 15.390 14.716
    9.901588 1.1000000  3.7972 -4.1843 15.443 15.784 15.289 14.973 14.636 26.080 19.496 15.129 15.378 14.709 15.148 15.406 14.726
    9.903565 1.1000000  3.7958 -4.1901 15.471 15.803 15.304 14.985 14.646 26.136 19.551 15.143 15.394 14.719 15.161 15.422 14.737
    9.905476 1.1000000  3.7943 -4.1959 15.499 15.823 15.318 14.997 14.656 26.192 19.605 15.156 15.410 14.730 15.175 15.438 14.747
    9.907440 1.1000000  3.7929 -4.2017 15.527 15.842 15.333 15.009 14.666 26.248 19.659 15.169 15.427 14.740 15.188 15.453 14.757
    9.909390 1.1000000  3.7915 -4.2074 15.555 15.861 15.347 15.021 14.676 26.304 19.713 15.182 15.443 14.750 15.201 15.469 14.768
    9.911332 1.1000000  3.7900 -4.2131 15.583 15.881 15.362 15.033 14.686 26.359 19.766 15.196 15.459 14.761 15.214 15.485 14.778
    9.913215 1.1000000  3.7886 -4.2188 15.612 15.900 15.376 15.045 14.696 26.414 19.820 15.209 15.475 14.771 15.227 15.501 14.788
    9.915145 1.1000000  3.7872 -4.2244 15.640 15.920 15.391 15.057 14.705 26.469 19.873 15.222 15.491 14.781 15.241 15.517 14.798
    9.917007 1.1000000  3.7858 -4.2300 15.668 15.939 15.405 15.069 14.715 26.524 19.925 15.235 15.507 14.792 15.254 15.532 14.808
    9.918924 1.1000000  3.7845 -4.2356 15.696 15.959 15.420 15.081 14.725 26.578 19.978 15.248 15.523 14.802 15.267 15.548 14.819
    9.920767 1.1000000  3.7831 -4.2412 15.725 15.978 15.434 15.093 14.735 26.632 20.031 15.261 15.539 14.812 15.280 15.564 14.829
    9.922614 1.1000000  3.7817 -4.2467 15.753 15.997 15.448 15.105 14.744 26.686 20.083 15.274 15.554 14.823 15.293 15.579 14.839
    9.924448 1.1000000  3.7803 -4.2522 15.782 16.017 15.463 15.117 14.754 26.740 20.135 15.287 15.570 14.833 15.306 15.595 14.849
    9.926332 1.1000000  3.7790 -4.2576 15.810 16.036 15.477 15.128 14.764 26.793 20.187 15.300 15.586 14.843 15.319 15.611 14.859
    9.928146 1.1000000  3.7776 -4.2631 15.839 16.056 15.491 15.140 14.773 26.846 20.239 15.313 15.602 14.853 15.332 15.626 14.870
    9.929959 1.1000000  3.7763 -4.2685 15.866 16.075 15.506 15.152 14.783 26.899 20.288 15.326 15.618 14.863 15.345 15.642 14.880
    9.931770 1.1000000  3.7750 -4.2738 15.894 16.095 15.520 15.164 14.793 26.951 20.337 15.339 15.634 14.874 15.358 15.657 14.890
    9.933572 1.1000000  3.7736 -4.2792 15.922 16.114 15.534 15.176 14.803 27.003 20.386 15.352 15.650 14.884 15.371 15.673 14.900
    9.935361 1.1000000  3.7723 -4.2845 15.950 16.134 15.549 15.188 14.813 27.055 20.435 15.365 15.665 14.894 15.384 15.689 14.911
    9.937142 1.1000000  3.7710 -4.2897 15.977 16.153 15.563 15.200 14.822 27.106 20.483 15.378 15.681 14.904 15.397 15.704 14.921
    9.938973 1.1000000  3.7697 -4.2950 16.005 16.173 15.577 15.211 14.832 27.157 20.530 15.391 15.697 14.915 15.410 15.720 14.931
    9.940693 1.1000000  3.7684 -4.3001 16.032 16.192 15.591 15.223 14.842 27.207 20.577 15.404 15.712 14.925 15.422 15.735 14.941
    9.942454 1.1000000  3.7672 -4.3052 16.059 16.211 15.605 15.235 14.851 27.257 20.624 15.416 15.727 14.935 15.435 15.750 14.951
    9.944207 1.1000000  3.7659 -4.3103 16.086 16.230 15.619 15.246 14.861 27.306 20.670 15.429 15.743 14.945 15.448 15.765 14.961
    9.945960 1.1000000  3.7647 -4.3153 16.113 16.249 15.633 15.258 14.870 27.355 20.715 15.442 15.758 14.955 15.460 15.780 14.971
    9.947708 1.1000000  3.7635 -4.3202 16.140 16.267 15.647 15.269 14.879 27.403 20.760 15.454 15.773 14.964 15.472 15.795 14.980
    9.949438 1.1000000  3.7622 -4.3251 16.166 16.286 15.660 15.280 14.889 27.451 20.804 15.466 15.788 14.974 15.485 15.810 14.990
    9.951115 1.1000000  3.7610 -4.3299 16.192 16.304 15.674 15.292 14.898 27.498 20.848 15.478 15.803 14.984 15.497 15.825 15.000
    9.952837 1.1000000  3.7599 -4.3347 16.218 16.323 15.687 15.303 14.907 27.545 20.891 15.490 15.818 14.993 15.509 15.839 15.009
    9.954503 1.1000000  3.7587 -4.3394 16.244 16.341 15.701 15.314 14.916 27.591 20.933 15.502 15.832 15.003 15.521 15.854 15.019
    9.956208 1.1000000  3.7575 -4.3440 16.270 16.359 15.714 15.324 14.925 27.636 20.975 15.514 15.846 15.012 15.533 15.868 15.028
    9.957916 1.1000000  3.7564 -4.3485 16.295 16.376 15.726 15.335 14.934 27.680 21.016 15.526 15.860 15.021 15.544 15.882 15.037
    9.959610 1.1000000  3.7553 -4.3530 16.319 16.394 15.739 15.346 14.942 27.724 21.056 15.537 15.874 15.030 15.556 15.896 15.046
    9.961249 1.1000000  3.7542 -4.3574 16.344 16.411 15.752 15.356 14.951 27.767 21.096 15.548 15.888 15.039 15.567 15.909 15.055
    9.962931 1.1000000  3.7531 -4.3618 16.368 16.429 15.764 15.367 14.960 27.810 21.135 15.560 15.902 15.048 15.578 15.923 15.064
    9.964614 1.1000000  3.7521 -4.3660 16.392 16.445 15.776 15.377 14.968 27.851 21.173 15.571 15.915 15.057 15.589 15.936 15.073
    9.966222 1.1000000  3.7511 -4.3702 16.416 16.462 15.789 15.387 14.976 27.892 21.210 15.581 15.929 15.066 15.600 15.949 15.081
    9.967893 1.1000000  3.7500 -4.3742 16.438 16.478 15.800 15.396 14.984 27.932 21.247 15.592 15.941 15.074 15.611 15.962 15.089
    9.969504 1.1000000  3.7490 -4.3782 16.461 16.494 15.812 15.406 14.992 27.971 21.282 15.602 15.954 15.082 15.621 15.974 15.098
    9.971172 1.1000000  3.7481 -4.3821 16.483 16.510 15.823 15.415 15.000 28.009 21.317 15.612 15.966 15.090 15.631 15.987 15.106
    9.972760 1.1000000  3.7471 -4.3860 16.505 16.525 15.834 15.425 15.007 28.048 21.352 15.623 15.979 15.098 15.641 15.999 15.114
    9.974415 1.1000000  3.7462 -4.3898 16.527 16.541 15.846 15.434 15.015 28.085 21.385 15.633 15.991 15.106 15.651 16.011 15.122
    9.976057 1.1000000  3.7453 -4.3935 16.548 16.556 15.856 15.443 15.022 28.121 21.418 15.642 16.003 15.114 15.661 16.023 15.130
    9.977629 1.1000000  3.7444 -4.3971 16.569 16.570 15.867 15.452 15.030 28.157 21.451 15.652 16.014 15.122 15.671 16.034 15.137
    9.979243 1.1000000  3.7435 -4.4007 16.589 16.585 15.878 15.460 15.037 28.192 21.482 15.661 16.026 15.129 15.680 16.046 15.145
    9.980833 1.1000000  3.7426 -4.4042 16.610 16.599 15.888 15.469 15.044 28.226 21.514 15.671 16.037 15.137 15.689 16.057 15.152
    9.982394 1.1000000  3.7418 -4.4076 16.629 16.613 15.898 15.477 15.051 28.260 21.544 15.680 16.048 15.144 15.699 16.068 15.159
    9.983967 1.1000000  3.7409 -4.4110 16.649 16.627 15.908 15.486 15.058 28.293 21.574 15.689 16.059 15.151 15.708 16.079 15.167
    9.985528 1.1000000  3.7401 -4.4143 16.668 16.641 15.918 15.494 15.065 28.327 21.604 15.697 16.070 15.158 15.716 16.090 15.174
    9.987261 1.1000000  3.7393 -4.4176 16.687 16.654 15.928 15.502 15.071 28.365 21.635 15.706 16.081 15.165 15.725 16.100 15.180
    9.988798 1.1000000  3.7385 -4.4208 16.705 16.667 15.937 15.510 15.078 28.402 21.665 15.715 16.091 15.172 15.734 16.110 15.187
    9.990330 1.1000000  3.7377 -4.4240 16.724 16.681 15.947 15.518 15.084 28.439 21.695 15.723 16.101 15.179 15.742 16.120 15.194
    9.991849 1.1000000  3.7370 -4.4271 16.742 16.693 15.956 15.525 15.090 28.475 21.724 15.731 16.111 15.185 15.750 16.130 15.200
    9.993370 1.1000000  3.7362 -4.4302 16.759 16.706 15.965 15.533 15.097 28.511 21.754 15.739 16.121 15.192 15.758 16.140 15.207
    9.994881 1.1000000  3.7354 -4.4332 16.777 16.718 15.974 15.540 15.103 28.547 21.782 15.747 16.131 15.198 15.766 16.150 15.213
    9.996388 1.1000000  3.7347 -4.4362 16.794 16.731 15.983 15.548 15.109 28.582 21.811 15.755 16.141 15.205 15.774 16.160 15.220
    9.997893 1.1000000  3.7340 -4.4391 16.811 16.743 15.992 15.555 15.115 28.617 21.838 15.763 16.150 15.211 15.782 16.169 15.226
    9.999390 1.1000000  3.7332 -4.4421 16.828 16.755 16.001 15.562 15.121 28.652 21.866 15.771 16.160 15.217 15.790 16.178 15.232
   10.000887 1.1000000  3.7325 -4.4449 16.845 16.767 16.009 15.569 15.127 28.687 21.893 15.779 16.169 15.223 15.798 16.188 15.238
   10.002371 1.1000000  3.7318 -4.4478 16.861 16.779 16.018 15.577 15.133 28.722 21.921 15.786 16.178 15.229 15.806 16.197 15.245
   10.003851 1.1000000  3.7311 -4.4506 16.878 16.791 16.027 15.584 15.138 28.756 21.948 15.794 16.188 15.235 15.813 16.206 15.250
   10.005335 1.1000000  3.7304 -4.4534 16.894 16.802 16.035 15.591 15.144 28.790 21.975 15.801 16.197 15.241 15.821 16.215 15.256
   10.006802 1.1000000  3.7298 -4.4561 16.910 16.814 16.043 15.597 15.150 28.824 22.001 15.808 16.206 15.247 15.828 16.224 15.262
   10.008260 1.1000000  3.7291 -4.4589 16.926 16.825 16.052 15.604 15.155 28.857 22.027 15.816 16.215 15.253 15.835 16.233 15.268
   10.009733 1.1000000  3.7284 -4.4616 16.942 16.837 16.060 15.611 15.161 28.891 22.053 15.823 16.224 15.259 15.843 16.242 15.274
   10.011191 1.1000000  3.7278 -4.4642 16.957 16.848 16.068 15.618 15.166 28.924 22.078 15.830 16.232 15.265 15.850 16.250 15.280
   10.012641 1.1000000  3.7271 -4.4669 16.973 16.859 16.076 15.624 15.172 28.957 22.104 15.837 16.241 15.270 15.857 16.259 15.286
   10.014089 1.1000000  3.7265 -4.4695 16.989 16.870 16.084 15.631 15.177 28.990 22.129 15.844 16.250 15.276 15.864 16.267 15.291
   10.015531 1.1000000  3.7258 -4.4721 17.004 16.881 16.092 15.638 15.183 29.023 22.154 15.851 16.258 15.282 15.871 16.276 15.297
   10.016969 1.1000000  3.7252 -4.4747 17.019 16.892 16.100 15.644 15.188 29.055 22.179 15.858 16.267 15.287 15.878 16.284 15.302
   10.018395 1.1000000  3.7246 -4.4772 17.034 16.903 16.108 15.650 15.193 29.087 22.203 15.865 16.275 15.293 15.885 16.292 15.308
   10.019829 1.1000000  3.7239 -4.4797 17.049 16.913 16.115 15.657 15.198 29.119 22.228 15.872 16.283 15.298 15.892 16.301 15.313
   10.021250 1.1000000  3.7233 -4.4822 17.064 16.924 16.123 15.663 15.204 29.151 22.252 15.879 16.292 15.304 15.899 16.309 15.319
   10.022680 1.1000000  3.7227 -4.4847 17.078 16.935 16.131 15.669 15.209 29.183 22.276 15.886 16.300 15.309 15.905 16.317 15.324
   10.024084 1.1000000  3.7221 -4.4872 17.093 16.945 16.138 15.676 15.214 29.215 22.300 15.892 16.308 15.315 15.912 16.325 15.330
   10.025496 1.1000000  3.7215 -4.4896 17.107 16.956 16.146 15.682 15.219 29.247 22.324 15.899 16.316 15.320 15.919 16.333 15.335
   10.026903 1.1000000  3.7209 -4.4920 17.122 16.966 16.153 15.688 15.224 29.278 22.347 15.905 16.324 15.325 15.925 16.341 15.340
   10.028304 1.1000000  3.7203 -4.4944 17.136 16.976 16.161 15.694 15.229 29.310 22.370 15.912 16.332 15.330 15.932 16.349 15.345
   10.029702 1.1000000  3.7197 -4.4968 17.150 16.986 16.168 15.700 15.234 29.342 22.394 15.918 16.340 15.336 15.938 16.357 15.351
   10.031087 1.1000000  3.7191 -4.4991 17.164 16.996 16.175 15.706 15.239 29.376 22.418 15.925 16.348 15.341 15.945 16.364 15.356
   10.032481 1.1000000  3.7186 -4.5015 17.178 17.006 16.182 15.712 15.244 29.410 22.443 15.931 16.355 15.346 15.951 16.372 15.361
   10.033860 1.1000000  3.7180 -4.5038 17.192 17.016 16.189 15.718 15.248 29.443 22.467 15.937 16.363 15.351 15.957 16.380 15.366
   10.035248 1.1000000  3.7174 -4.5061 17.205 17.026 16.196 15.724 15.253 29.476 22.490 15.943 16.371 15.356 15.963 16.387 15.371
   10.036616 1.1000000  3.7168 -4.5084 17.219 17.036 16.203 15.729 15.258 29.510 22.514 15.949 16.378 15.361 15.970 16.395 15.376
   10.037991 1.1000000  3.7163 -4.5107 17.233 17.046 16.210 15.735 15.263 29.544 22.538 15.956 16.386 15.366 15.976 16.402 15.381
   10.039353 1.1000000  3.7157 -4.5130 17.246 17.055 16.217 15.741 15.267 29.577 22.562 15.962 16.393 15.371 15.982 16.410 15.386
   10.040716 1.1000000  3.7152 -4.5153 17.260 17.065 16.224 15.747 15.272 29.611 22.586 15.968 16.401 15.376 15.988 16.417 15.391
   10.042066 1.1000000  3.7146 -4.5175 17.273 17.075 16.231 15.752 15.277 29.645 22.610 15.974 16.408 15.380 15.994 16.424 15.395
   10.043422 1.1000000  3.7141 -4.5197 17.286 17.084 16.238 15.758 15.281 29.679 22.633 15.980 16.415 15.385 16.000 16.431 15.400
   10.044774 1.1000000  3.7135 -4.5220 17.300 17.094 16.245 15.763 15.286 29.713 22.657 15.986 16.423 15.390 16.006 16.439 15.405
   10.046114 1.1000000  3.7130 -4.5242 17.313 17.103 16.251 15.769 15.290 29.747 22.680 15.992 16.430 15.395 16.012 16.446 15.410
   10.047448 1.1000000  3.7124 -4.5264 17.326 17.113 16.258 15.775 15.295 29.781 22.704 15.998 16.437 15.400 16.018 16.453 15.414
   10.048795 1.1000000  3.7119 -4.5286 17.339 17.122 16.265 15.780 15.299 29.815 22.728 16.004 16.445 15.404 16.024 16.460 15.419
   10.050117 1.1000000  3.7113 -4.5308 17.352 17.132 16.272 15.786 15.304 29.850 22.751 16.010 16.452 15.409 16.030 16.468 15.424
   10.051452 1.1000000  3.7108 -4.5331 17.366 17.141 16.279 15.791 15.309 29.885 22.776 16.016 16.459 15.414 16.036 16.475 15.429
   10.052778 1.1000000  3.7102 -4.5353 17.379 17.151 16.285 15.797 15.313 29.921 22.800 16.022 16.467 15.419 16.042 16.482 15.434
   10.054097 1.1000000  3.7097 -4.5375 17.392 17.161 16.292 15.802 15.318 29.956 22.824 16.027 16.474 15.424 16.048 16.490 15.438
   10.055412 1.1000000  3.7091 -4.5398 17.406 17.170 16.299 15.808 15.323 29.992 22.848 16.034 16.481 15.429 16.054 16.497 15.443
   10.056721 1.1000000  3.7086 -4.5420 17.419 17.180 16.306 15.814 15.327 30.028 22.873 16.040 16.489 15.434 16.060 16.504 15.448
   10.058040 1.1000000  3.7080 -4.5443 17.433 17.190 16.313 15.820 15.332 30.065 22.898 16.046 16.496 15.439 16.066 16.512 15.453
   10.059333 1.1000000  3.7074 -4.5465 17.447 17.199 16.320 15.825 15.336 30.102 22.922 16.052 16.504 15.443 16.072 16.519 15.458
   10.060641 1.1000000  3.7069 -4.5488 17.460 17.209 16.327 15.831 15.341 30.139 22.947 16.058 16.511 15.448 16.078 16.526 15.463
   10.061935 1.1000000  3.7063 -4.5511 17.474 17.219 16.334 15.837 15.346 30.178 22.973 16.064 16.519 15.453 16.084 16.534 15.468
   10.063222 1.1000000  3.7057 -4.5534 17.488 17.229 16.341 15.843 15.350 30.216 22.998 16.070 16.526 15.458 16.090 16.542 15.473
   10.064510 1.1000000  3.7052 -4.5557 17.502 17.239 16.348 15.848 15.355 30.255 23.024 16.076 16.534 15.463 16.096 16.549 15.478
   10.065799 1.1000000  3.7046 -4.5581 17.516 17.250 16.355 15.854 15.360 30.295 23.051 16.083 16.542 15.468 16.103 16.557 15.483
   10.067083 1.1000000  3.7040 -4.5604 17.530 17.260 16.363 15.860 15.365 30.335 23.077 16.089 16.550 15.473 16.109 16.564 15.488
   10.068357 1.1000000  3.7034 -4.5628 17.545 17.270 16.370 15.866 15.370 30.376 23.104 16.095 16.557 15.479 16.115 16.572 15.493
   10.069632 1.1000000  3.7028 -4.5653 17.560 17.281 16.378 15.873 15.375 30.418 23.132 16.102 16.566 15.484 16.122 16.581 15.498
   10.070896 1.1000000  3.7022 -4.5677 17.575 17.292 16.385 15.879 15.380 30.460 23.160 16.108 16.574 15.489 16.128 16.588 15.504
   10.072169 1.1000000  3.7016 -4.5702 17.590 17.303 16.393 15.885 15.385 30.504 23.188 16.115 16.582 15.495 16.135 16.597 15.509
   10.073428 1.1000000  3.7010 -4.5727 17.605 17.313 16.400 15.891 15.390 30.548 23.217 16.122 16.590 15.500 16.142 16.605 15.514
   10.074690 1.1000000  3.7003 -4.5753 17.621 17.325 16.408 15.898 15.395 30.594 23.246 16.129 16.599 15.506 16.149 16.613 15.520
   10.075948 1.1000000  3.6997 -4.5779 17.636 17.336 16.416 15.904 15.401 30.640 23.276 16.136 16.607 15.512 16.156 16.622 15.526
   10.077196 1.1000000  3.6990 -4.5805 17.652 17.348 16.424 15.911 15.406 30.687 23.307 16.143 16.616 15.517 16.163 16.630 15.531
   10.078442 1.1000000  3.6984 -4.5832 17.669 17.359 16.433 15.918 15.412 30.754 23.335 16.150 16.625 15.523 16.170 16.639 15.537
   10.079681 1.1000000  3.6977 -4.5859 17.685 17.371 16.441 15.924 15.417 30.826 23.365 16.157 16.634 15.529 16.177 16.648 15.543
   10.080927 1.1000000  3.6970 -4.5886 17.702 17.383 16.449 15.931 15.423 30.900 23.395 16.164 16.643 15.535 16.184 16.657 15.549
   10.082168 1.1000000  3.6963 -4.5914 17.719 17.395 16.458 15.938 15.428 30.978 23.425 16.172 16.652 15.541 16.192 16.666 15.555
   10.083400 1.1000000  3.6956 -4.5942 17.736 17.407 16.466 15.945 15.434 31.058 23.456 16.179 16.661 15.547 16.199 16.675 15.561
   10.084632 1.1000000  3.6949 -4.5971 17.754 17.420 16.475 15.952 15.440 31.141 23.487 16.187 16.670 15.553 16.207 16.684 15.567
   10.085858 1.1000000  3.6942 -4.6000 17.771 17.433 16.484 15.960 15.446 31.227 23.519 16.194 16.680 15.559 16.214 16.694 15.573
   10.087077 1.1000000  3.6934 -4.6030 17.790 17.446 16.493 15.967 15.452 31.318 23.551 16.202 16.689 15.565 16.222 16.703 15.579
   10.088297 1.1000000  3.6927 -4.6060 17.808 17.459 16.502 15.975 15.458 31.410 23.584 16.210 16.699 15.572 16.230 16.713 15.586
   10.089513 1.1000000  3.6919 -4.6090 17.827 17.472 16.511 15.982 15.464 31.507 23.617 16.218 16.709 15.578 16.238 16.723 15.592
   10.090725 1.1000000  3.6912 -4.6122 17.846 17.486 16.521 15.990 15.471 31.609 23.651 16.227 16.719 15.585 16.247 16.733 15.599
   10.091941 1.1000000  3.6904 -4.6153 17.866 17.500 16.531 15.998 15.477 31.714 23.686 16.235 16.730 15.592 16.255 16.743 15.606
   10.093143 1.1000000  3.6896 -4.6186 17.886 17.514 16.541 16.006 15.484 31.825 23.721 16.243 16.740 15.599 16.263 16.754 15.613
   10.094349 1.1000000  3.6887 -4.6220 17.907 17.529 16.551 16.014 15.491 31.942 23.758 16.252 16.751 15.606 16.272 16.765 15.620
   10.095545 1.1000000  3.6879 -4.6254 17.928 17.544 16.561 16.023 15.498 32.062 23.795 16.261 16.762 15.613 16.281 16.776 15.627
   10.096743 1.1000000  3.6870 -4.6289 17.949 17.559 16.572 16.032 15.505 32.189 23.833 16.271 16.774 15.621 16.290 16.787 15.635
   10.097933 1.1000000  3.6862 -4.6324 17.971 17.575 16.583 16.040 15.512 32.318 23.871 16.280 16.785 15.628 16.300 16.799 15.642
   10.099129 1.1000000  3.6852 -4.6360 17.994 17.590 16.594 16.049 15.519 32.455 23.911 16.289 16.797 15.636 16.309 16.810 15.650
   10.100318 1.1000000  3.6843 -4.6397 18.016 17.607 16.605 16.058 15.527 32.597 23.951 16.299 16.809 15.644 16.319 16.822 15.658
   10.101494 1.1000000  3.6834 -4.6434 18.040 17.623 16.616 16.068 15.535 32.744 23.991 16.309 16.821 15.652 16.328 16.834 15.666
   10.102673 1.1000000  3.6825 -4.6472 18.063 17.640 16.628 16.077 15.542 32.898 24.033 16.318 16.833 15.660 16.338 16.846 15.674
   10.103856 1.1000000  3.6815 -4.6511 18.088 17.657 16.639 16.087 15.550 33.059 24.075 16.329 16.845 15.668 16.349 16.859 15.682
   10.105028 1.1000000  3.6807 -4.6543 18.108 17.671 16.649 16.095 15.557 33.194 24.110 16.337 16.856 15.675 16.357 16.869 15.689
   10.106194 1.1000000  3.6799 -4.6574 18.127 17.685 16.659 16.102 15.563 33.323 24.143 16.345 16.866 15.681 16.365 16.879 15.695
   10.107365 1.1000000  3.6792 -4.6605 18.146 17.698 16.668 16.110 15.569 33.458 24.177 16.353 16.876 15.688 16.373 16.889 15.702
   10.108522 1.1000000  3.6784 -4.6637 18.166 17.712 16.678 16.118 15.576 33.598 24.212 16.362 16.886 15.695 16.381 16.900 15.709
   10.109691 1.1000000  3.6776 -4.6669 18.186 17.727 16.687 16.126 15.582 33.742 24.247 16.370 16.896 15.701 16.390 16.910 15.715
   10.110847 1.1000000  3.6768 -4.6702 18.207 17.741 16.697 16.134 15.589 33.894 24.283 16.378 16.907 15.708 16.398 16.921 15.722
   10.112002 1.1000000  3.6759 -4.6736 18.228 17.756 16.707 16.142 15.596 34.025 24.320 16.387 16.918 15.715 16.407 16.931 15.729
   10.113155 1.1000000  3.6750 -4.6771 18.249 17.771 16.718 16.150 15.603 34.160 24.358 16.396 16.929 15.723 16.416 16.942 15.737
   10.114304 1.1000000  3.6741 -4.6808 18.271 17.787 16.728 16.159 15.610 34.300 24.398 16.405 16.940 15.730 16.425 16.953 15.744
   10.115448 1.1000000  3.6732 -4.6845 18.293 17.803 16.739 16.168 15.617 34.445 24.438 16.414 16.951 15.738 16.434 16.965 15.752
   10.116593 1.1000000  3.6722 -4.6884 18.317 17.819 16.751 16.177 15.625 34.597 24.481 16.424 16.964 15.746 16.444 16.977 15.760
   10.117734 1.1000000  3.6702 -4.6965 18.366 17.854 16.774 16.196 15.640 34.917 24.569 16.444 16.988 15.762 16.464 17.001 15.776
   10.118864 1.1000000  3.6680 -4.7055 18.420 17.892 16.800 16.217 15.657 35.277 24.668 16.466 17.016 15.780 16.486 17.029 15.794
   10.120007 1.1000000  3.6657 -4.7146 18.474 17.930 16.826 16.238 15.675 35.644 24.767 16.488 17.044 15.798 16.508 17.056 15.812
   10.121136 1.1000000  3.6634 -4.7239 18.530 17.970 16.853 16.259 15.692 36.024 24.869 16.510 17.072 15.817 16.530 17.084 15.830
   10.122254 1.1000000  3.6616 -4.7309 18.571 17.999 16.872 16.275 15.705 36.312 24.945 16.527 17.092 15.830 16.547 17.104 15.844
   10.123386 1.1000000  3.6601 -4.7372 18.609 18.025 16.890 16.289 15.717 36.573 25.013 16.542 17.111 15.843 16.562 17.123 15.856
   10.124512 1.1000000  3.6585 -4.7436 18.647 18.052 16.908 16.304 15.729 36.843 25.083 16.557 17.130 15.855 16.577 17.142 15.868
   10.125627 1.1000000  3.6568 -4.7504 18.686 18.080 16.927 16.319 15.741 37.127 25.157 16.573 17.150 15.868 16.593 17.161 15.881
   10.126746 1.1000000  3.6551 -4.7573 18.727 18.109 16.946 16.334 15.754 37.423 25.232 16.589 17.170 15.882 16.609 17.181 15.894
   10.127855 1.1000000  3.6533 -4.7645 18.769 18.138 16.966 16.350 15.767 37.732 25.311 16.606 17.191 15.895 16.626 17.202 15.908
   10.128968 1.1000000  3.6514 -4.7720 18.812 18.169 16.986 16.366 15.781 38.026 25.389 16.623 17.213 15.910 16.643 17.223 15.922
   10.130079 1.1000000  3.6494 -4.7799 18.857 18.201 17.007 16.383 15.795 38.330 25.470 16.641 17.235 15.925 16.661 17.246 15.937
   10.131183 1.1000000  3.6474 -4.7880 18.903 18.233 17.029 16.401 15.810 38.641 25.552 16.659 17.258 15.940 16.679 17.268 15.952
   10.132288 1.1000000  3.6453 -4.7964 18.950 18.266 17.051 16.419 15.825 38.961 25.638 16.678 17.281 15.956 16.698 17.292 15.968
   10.133390 1.1000000  3.6431 -4.8052 18.999 18.301 17.075 16.437 15.840 39.294 25.726 16.698 17.306 15.972 16.717 17.316 15.984
   10.134481 1.1000000  3.6408 -4.8145 19.050 18.338 17.099 16.457 15.857 39.642 25.818 16.718 17.331 15.989 16.738 17.341 16.001
   10.135580 1.1000000  3.6384 -4.8242 19.103 18.375 17.124 16.477 15.874 40.001 25.913 16.739 17.357 16.007 16.759 17.367 16.019
   10.136665 1.1000000  3.6359 -4.8342 19.158 18.414 17.150 16.497 15.891 40.368 26.010 16.761 17.384 16.025 16.781 17.394 16.037
   10.137754 1.1000000  3.6333 -4.8446 19.214 18.454 17.176 16.519 15.909 40.747 26.111 16.783 17.412 16.043 16.803 17.422 16.055
   10.138841 1.1000000  3.6306 -4.8556 19.272 18.496 17.204 16.541 15.928 41.142 26.215 16.806 17.440 16.063 16.826 17.450 16.075
   10.139922 1.1000000  3.6277 -4.8669 19.332 18.538 17.232 16.563 15.947 41.526 26.321 16.830 17.469 16.083 16.850 17.479 16.095
   10.141002 1.1000000  3.6248 -4.8787 19.393 18.582 17.261 16.587 15.967 41.835 26.430 16.855 17.499 16.104 16.874 17.509 16.115
   10.142083 1.1000000  3.6219 -4.8903 19.451 18.624 17.289 16.609 15.987 42.115 26.535 16.878 17.529 16.124 16.898 17.538 16.136
   10.143160 1.1000000  3.6190 -4.9017 19.509 18.665 17.317 16.631 16.006 42.367 26.637 16.902 17.557 16.144 16.921 17.566 16.156
   10.144225 1.1000000  3.6161 -4.9137 19.567 18.708 17.345 16.654 16.026 42.604 26.743 16.926 17.586 16.165 16.945 17.596 16.176
   10.145298 1.1000000  3.6129 -4.9263 19.628 18.752 17.375 16.677 16.047 42.824 26.851 16.951 17.616 16.186 16.970 17.626 16.198
   10.146359 1.1000000  3.6086 -4.9434 19.710 18.810 17.414 16.709 16.075 43.077 26.997 16.984 17.656 16.215 17.003 17.666 16.227
   10.147429 1.1000000  3.6042 -4.9612 19.793 18.871 17.454 16.741 16.104 43.281 27.145 17.018 17.697 16.245 17.037 17.706 16.257
   10.148493 1.1000000  3.6001 -4.9777 19.868 18.925 17.490 16.771 16.131 43.494 27.279 17.049 17.735 16.273 17.069 17.744 16.284
   10.149545 1.1000000  3.5962 -4.9932 19.937 18.976 17.524 16.799 16.157 43.755 27.404 17.079 17.769 16.300 17.098 17.778 16.311
   10.150608 1.1000000  3.5922 -5.0094 20.008 19.028 17.559 16.827 16.185 44.024 27.531 17.110 17.805 16.328 17.129 17.813 16.339
   10.151664 1.1000000  3.5873 -5.0288 20.090 19.088 17.600 16.861 16.218 44.341 27.680 17.146 17.846 16.361 17.165 17.855 16.372
   10.152713 1.1000000  3.5821 -5.0497 20.177 19.152 17.644 16.897 16.254 44.674 27.837 17.185 17.890 16.397 17.204 17.898 16.408
   10.153762 1.1000000  3.5772 -5.0694 20.256 19.211 17.684 16.930 16.288 44.982 27.981 17.221 17.930 16.431 17.240 17.938 16.442
   10.154807 1.1000000  3.5724 -5.0884 20.331 19.267 17.721 16.962 16.321 45.272 28.117 17.256 17.968 16.464 17.274 17.976 16.475
   10.155850 1.1000000  3.5674 -5.1087 20.411 19.325 17.761 16.996 16.359 45.572 28.260 17.294 18.008 16.501 17.312 18.016 16.512
   10.156896 1.1000000  3.5612 -5.1332 20.505 19.393 17.807 17.037 16.405 45.924 28.429 17.339 18.055 16.545 17.357 18.063 16.556
   10.157930 1.1000000  3.5551 -5.1577 20.596 19.460 17.853 17.077 16.453 46.264 28.592 17.385 18.101 16.591 17.402 18.108 16.602
   10.158969 1.1000000  3.5493 -5.1812 20.681 19.522 17.895 17.116 16.499 46.579 28.745 17.428 18.144 16.635 17.445 18.151 16.646
   10.160000 1.1000000  3.5433 -5.2052 20.766 19.583 17.937 17.154 16.548 46.890 28.896 17.472 18.186 16.681 17.489 18.193 16.692
   10.161037 1.1000000  3.5371 -5.2299 20.852 19.645 17.980 17.195 16.603 47.202 29.049 17.519 18.229 16.731 17.535 18.236 16.742
   10.162059 1.1000000  3.5309 -5.2550 20.936 19.707 18.022 17.236 16.660 47.508 29.201 17.567 18.271 16.783 17.583 18.278 16.794
   10.163089 1.1000000  3.5244 -5.2807 21.020 19.769 18.065 17.278 16.722 47.810 29.352 17.617 18.313 16.838 17.632 18.320 16.849
   10.164114 1.1000000  3.5179 -5.3066 21.103 19.829 18.106 17.320 16.786 48.104 29.500 17.667 18.355 16.894 17.682 18.361 16.906
   10.165136 1.1000000  3.5113 -5.3330 21.184 19.888 18.147 17.363 16.854 48.391 29.646 17.719 18.396 16.953 17.734 18.402 16.966
