#   log(t)      Mwd  log(Teff) log(L/Lo)  U     B      V      R     I      FUV     NUV     G2    BP2    RP2    G3     BP3    RP3 
    6.308580 0.6100000  4.9088  1.1963  6.242  7.571  7.909  8.066  8.268  5.564  6.246  7.840  7.570  8.184  7.848  7.661  8.212
    6.309173 0.6100000  4.9051  1.1777  6.260  7.588  7.926  8.083  8.285  5.584  6.265  7.857  7.588  8.201  7.865  7.678  8.229
    6.309556 0.6100000  4.9019  1.1622  6.274  7.602  7.939  8.097  8.298  5.599  6.280  7.871  7.602  8.214  7.879  7.692  8.242
    6.309852 0.6100000  4.8994  1.1503  6.285  7.612  7.950  8.107  8.308  5.611  6.291  7.881  7.612  8.224  7.889  7.702  8.252
    6.310151 0.6100000  4.8971  1.1390  6.295  7.622  7.959  8.116  8.317  5.623  6.302  7.891  7.622  8.234  7.899  7.712  8.261
    6.310469 0.6100000  4.8948  1.1281  6.305  7.632  7.968  8.125  8.326  5.634  6.312  7.900  7.631  8.243  7.908  7.722  8.271
    6.310815 0.6100000  4.8925  1.1173  6.314  7.641  7.977  8.134  8.336  5.645  6.323  7.909  7.641  8.252  7.917  7.731  8.280
    6.311201 0.6100000  4.8903  1.1066  6.324  7.651  7.987  8.144  8.345  5.656  6.333  7.919  7.650  8.261  7.927  7.740  8.289
    6.311634 0.6100000  4.8881  1.0960  6.334  7.660  7.996  8.153  8.354  5.666  6.343  7.928  7.660  8.270  7.936  7.750  8.298
    6.312125 0.6100000  4.8860  1.0855  6.344  7.670  8.005  8.162  8.363  5.677  6.353  7.937  7.669  8.279  7.945  7.759  8.307
    6.312684 0.6100000  4.8838  1.0750  6.354  7.679  8.014  8.171  8.372  5.688  6.363  7.946  7.678  8.288  7.954  7.768  8.316
    6.313323 0.6100000  4.8817  1.0645  6.364  7.689  8.024  8.180  8.381  5.699  6.374  7.956  7.688  8.298  7.964  7.778  8.325
    6.314053 0.6100000  4.8796  1.0541  6.373  7.698  8.033  8.189  8.390  5.710  6.384  7.965  7.697  8.307  7.973  7.787  8.334
    6.314888 0.6100000  4.8774  1.0435  6.384  7.708  8.043  8.199  8.400  5.722  6.395  7.975  7.707  8.316  7.983  7.797  8.344
    6.315839 0.6100000  4.8753  1.0330  6.394  7.718  8.052  8.209  8.410  5.733  6.405  7.985  7.717  8.326  7.993  7.807  8.354
    6.316915 0.6100000  4.8732  1.0223  6.405  7.728  8.062  8.219  8.419  5.744  6.416  7.995  7.727  8.335  8.003  7.817  8.363
    6.318120 0.6100000  4.8711  1.0115  6.415  7.738  8.072  8.229  8.430  5.756  6.427  8.005  7.737  8.345  8.013  7.828  8.373
    6.319454 0.6100000  4.8689  1.0005  6.426  7.749  8.083  8.239  8.440  5.768  6.439  8.015  7.748  8.356  8.023  7.838  8.384
    6.320910 0.6100000  4.8667  0.9895  6.437  7.760  8.093  8.249  8.450  5.780  6.450  8.026  7.758  8.366  8.034  7.849  8.394
    6.322486 0.6100000  4.8646  0.9783  6.449  7.771  8.104  8.260  8.461  5.793  6.462  8.037  7.769  8.377  8.045  7.860  8.405
    6.324175 0.6100000  4.8624  0.9671  6.460  7.782  8.115  8.271  8.472  5.805  6.474  8.048  7.780  8.388  8.056  7.871  8.415
    6.325969 0.6100000  4.8602  0.9557  6.472  7.793  8.126  8.282  8.483  5.818  6.487  8.059  7.792  8.399  8.067  7.882  8.426
    6.327860 0.6100000  4.8580  0.9443  6.483  7.804  8.137  8.293  8.493  5.831  6.499  8.070  7.803  8.410  8.078  7.893  8.437
    6.329838 0.6100000  4.8557  0.9328  6.495  7.816  8.148  8.304  8.505  5.844  6.511  8.081  7.815  8.421  8.089  7.905  8.448
    6.331896 0.6100000  4.8535  0.9213  6.507  7.827  8.159  8.316  8.516  5.857  6.524  8.092  7.826  8.432  8.100  7.916  8.459
    6.334022 0.6100000  4.8513  0.9097  6.519  7.839  8.170  8.327  8.527  5.870  6.536  8.104  7.838  8.443  8.112  7.928  8.471
    6.336212 0.6100000  4.8490  0.8981  6.531  7.850  8.182  8.338  8.538  5.883  6.549  8.115  7.849  8.454  8.123  7.939  8.482
    6.338465 0.6100000  4.8468  0.8864  6.543  7.862  8.193  8.350  8.549  5.896  6.562  8.127  7.861  8.466  8.135  7.951  8.493
    6.340771 0.6100000  4.8445  0.8747  6.555  7.874  8.205  8.361  8.560  5.910  6.574  8.138  7.872  8.477  8.146  7.962  8.504
    6.343131 0.6100000  4.8423  0.8631  6.567  7.885  8.216  8.372  8.571  5.923  6.587  8.150  7.884  8.488  8.158  7.974  8.515
    6.345545 0.6100000  4.8400  0.8514  6.579  7.897  8.227  8.383  8.583  5.936  6.599  8.161  7.895  8.500  8.169  7.985  8.527
    6.348008 0.6100000  4.8377  0.8396  6.591  7.909  8.239  8.395  8.594  5.949  6.612  8.173  7.907  8.511  8.181  7.997  8.538
    6.350515 0.6100000  4.8355  0.8279  6.603  7.920  8.250  8.406  8.605  5.962  6.624  8.184  7.919  8.522  8.192  8.009  8.549
    6.353064 0.6100000  4.8332  0.8161  6.615  7.932  8.261  8.417  8.616  5.976  6.637  8.195  7.930  8.534  8.204  8.020  8.560
    6.355648 0.6100000  4.8309  0.8044  6.626  7.943  8.272  8.428  8.627  5.989  6.649  8.207  7.942  8.545  8.215  8.031  8.571
    6.358269 0.6100000  4.8286  0.7926  6.638  7.955  8.284  8.440  8.639  6.002  6.662  8.218  7.953  8.556  8.226  8.043  8.583
    6.360925 0.6100000  4.8263  0.7808  6.650  7.967  8.295  8.451  8.650  6.015  6.675  8.229  7.965  8.567  8.238  8.054  8.594
    6.363613 0.6100000  4.8240  0.7691  6.662  7.978  8.306  8.462  8.661  6.028  6.687  8.240  7.976  8.578  8.249  8.066  8.605
    6.366335 0.6100000  4.8216  0.7573  6.674  7.990  8.317  8.473  8.672  6.041  6.699  8.252  7.987  8.589  8.260  8.077  8.616
    6.369088 0.6100000  4.8193  0.7454  6.686  8.001  8.328  8.484  8.683  6.055  6.712  8.263  7.999  8.600  8.272  8.089  8.627
    6.371863 0.6100000  4.8170  0.7336  6.698  8.013  8.339  8.495  8.694  6.068  6.724  8.274  8.010  8.611  8.283  8.100  8.638
    6.374669 0.6100000  4.8147  0.7219  6.709  8.024  8.350  8.506  8.705  6.080  6.736  8.285  8.021  8.622  8.294  8.111  8.649
    6.377507 0.6100000  4.8123  0.7101  6.721  8.035  8.361  8.517  8.716  6.093  6.749  8.296  8.033  8.633  8.305  8.122  8.660
    6.380373 0.6100000  4.8100  0.6982  6.733  8.047  8.372  8.528  8.727  6.107  6.761  8.308  8.044  8.644  8.316  8.134  8.671
    6.383267 0.6100000  4.8076  0.6864  6.744  8.058  8.383  8.539  8.737  6.120  6.774  8.319  8.055  8.655  8.327  8.145  8.682
    6.386183 0.6100000  4.8053  0.6746  6.756  8.070  8.394  8.549  8.748  6.133  6.786  8.330  8.066  8.666  8.339  8.156  8.693
    6.389123 0.6100000  4.8029  0.6628  6.768  8.081  8.405  8.560  8.759  6.146  6.798  8.341  8.077  8.676  8.350  8.167  8.704
    6.392084 0.6100000  4.8006  0.6509  6.780  8.092  8.416  8.571  8.770  6.159  6.811  8.352  8.089  8.687  8.361  8.178  8.715
    6.395072 0.6100000  4.7982  0.6391  6.791  8.103  8.427  8.582  8.780  6.172  6.823  8.363  8.100  8.698  8.372  8.189  8.725
    6.398084 0.6100000  4.7958  0.6273  6.803  8.114  8.438  8.592  8.791  6.184  6.835  8.374  8.111  8.709  8.382  8.200  8.736
    6.401118 0.6100000  4.7935  0.6155  6.814  8.125  8.448  8.603  8.801  6.197  6.847  8.384  8.122  8.719  8.393  8.211  8.747
    6.404175 0.6100000  4.7911  0.6036  6.826  8.136  8.459  8.614  8.812  6.210  6.859  8.395  8.133  8.730  8.404  8.222  8.757
    6.407255 0.6100000  4.7887  0.5918  6.837  8.147  8.470  8.625  8.823  6.223  6.871  8.406  8.144  8.740  8.415  8.233  8.768
    6.410359 0.6100000  4.7863  0.5800  6.849  8.158  8.480  8.635  8.833  6.236  6.883  8.417  8.155  8.751  8.426  8.244  8.778
    6.413487 0.6100000  4.7839  0.5682  6.860  8.169  8.491  8.646  8.843  6.249  6.896  8.428  8.166  8.761  8.437  8.255  8.789
    6.416637 0.6100000  4.7815  0.5563  6.872  8.180  8.502  8.656  8.854  6.262  6.908  8.438  8.177  8.772  8.447  8.266  8.799
    6.419810 0.6100000  4.7791  0.5445  6.883  8.191  8.512  8.667  8.864  6.274  6.920  8.449  8.188  8.782  8.458  8.277  8.810
    6.422998 0.6100000  4.7767  0.5326  6.894  8.202  8.523  8.677  8.875  6.287  6.932  8.460  8.199  8.793  8.469  8.288  8.820
    6.426205 0.6100000  4.7743  0.5208  6.906  8.213  8.533  8.688  8.885  6.300  6.944  8.470  8.209  8.803  8.479  8.298  8.831
    6.429440 0.6100000  4.7718  0.5090  6.917  8.224  8.544  8.698  8.895  6.313  6.956  8.481  8.220  8.813  8.490  8.309  8.841
    6.432701 0.6100000  4.7694  0.4972  6.928  8.234  8.554  8.708  8.906  6.325  6.968  8.492  8.231  8.824  8.501  8.320  8.851
    6.435987 0.6100000  4.7670  0.4854  6.940  8.245  8.565  8.719  8.916  6.338  6.980  8.502  8.242  8.834  8.511  8.330  8.862
    6.439298 0.6100000  4.7645  0.4735  6.951  8.256  8.575  8.729  8.926  6.351  6.992  8.513  8.252  8.844  8.522  8.341  8.872
    6.442624 0.6100000  4.7621  0.4617  6.962  8.267  8.585  8.740  8.937  6.364  7.004  8.523  8.263  8.855  8.532  8.352  8.882
    6.445976 0.6100000  4.7597  0.4499  6.973  8.278  8.596  8.750  8.947  6.376  7.016  8.534  8.274  8.865  8.543  8.362  8.893
    6.449347 0.6100000  4.7572  0.4380  6.985  8.289  8.606  8.760  8.957  6.389  7.028  8.544  8.285  8.875  8.554  8.373  8.903
    6.452739 0.6100000  4.7548  0.4262  6.996  8.299  8.616  8.771  8.967  6.402  7.040  8.555  8.295  8.886  8.564  8.384  8.913
    6.456155 0.6100000  4.7523  0.4144  7.007  8.310  8.627  8.781  8.977  6.415  7.051  8.565  8.306  8.896  8.574  8.394  8.923
    6.459587 0.6100000  4.7499  0.4025  7.018  8.321  8.637  8.791  8.988  6.427  7.064  8.576  8.316  8.906  8.585  8.405  8.934
    6.463043 0.6100000  4.7474  0.3907  7.029  8.331  8.647  8.801  8.998  6.440  7.075  8.586  8.327  8.916  8.595  8.415  8.943
    6.466517 0.6100000  4.7450  0.3789  7.041  8.342  8.657  8.812  9.008  6.453  7.087  8.597  8.337  8.926  8.606  8.425  8.954
    6.470011 0.6100000  4.7425  0.3670  7.052  8.353  8.667  8.822  9.018  6.465  7.099  8.607  8.348  8.936  8.616  8.436  8.964
    6.473522 0.6100000  4.7400  0.3552  7.063  8.364  8.678  8.832  9.028  6.478  7.111  8.617  8.358  8.947  8.626  8.446  8.974
    6.477063 0.6100000  4.7375  0.3434  7.074  8.374  8.688  8.842  9.038  6.491  7.123  8.628  8.369  8.957  8.637  8.457  8.984
    6.480629 0.6100000  4.7351  0.3316  7.085  8.385  8.698  8.852  9.048  6.503  7.135  8.638  8.379  8.967  8.647  8.467  8.994
    6.484218 0.6100000  4.7326  0.3198  7.096  8.395  8.708  8.862  9.058  6.516  7.146  8.648  8.390  8.977  8.657  8.478  9.004
    6.487835 0.6100000  4.7301  0.3079  7.107  8.406  8.718  8.872  9.068  6.529  7.158  8.659  8.401  8.987  8.668  8.488  9.014
    6.491480 0.6100000  4.7276  0.2961  7.119  8.416  8.728  8.882  9.078  6.541  7.170  8.669  8.411  8.997  8.678  8.499  9.024
    6.495145 0.6100000  4.7251  0.2843  7.130  8.427  8.738  8.892  9.088  6.554  7.182  8.679  8.421  9.007  8.688  8.509  9.034
    6.498832 0.6100000  4.7226  0.2724  7.141  8.438  8.748  8.902  9.097  6.567  7.194  8.689  8.432  9.017  8.698  8.519  9.044
    6.502525 0.6100000  4.7201  0.2606  7.152  8.448  8.758  8.912  9.107  6.579  7.206  8.699  8.442  9.027  8.708  8.530  9.054
    6.506244 0.6100000  4.7176  0.2487  7.163  8.459  8.769  8.922  9.117  6.592  7.218  8.710  8.453  9.037  8.719  8.540  9.064
    6.509978 0.6100000  4.7151  0.2369  7.174  8.469  8.779  8.932  9.127  6.605  7.230  8.720  8.463  9.047  8.729  8.550  9.073
    6.513732 0.6100000  4.7126  0.2251  7.185  8.479  8.788  8.942  9.136  6.618  7.241  8.730  8.473  9.056  8.739  8.561  9.083
    6.517504 0.6100000  4.7100  0.2132  7.196  8.490  8.799  8.952  9.146  6.630  7.253  8.740  8.484  9.066  8.749  8.571  9.093
    6.521296 0.6100000  4.7075  0.2014  7.207  8.500  8.808  8.962  9.156  6.643  7.265  8.750  8.494  9.076  8.759  8.581  9.103
    6.525107 0.6100000  4.7050  0.1896  7.218  8.510  8.818  8.971  9.165  6.656  7.277  8.760  8.504  9.086  8.769  8.591  9.113
    6.528935 0.6100000  4.7024  0.1777  7.229  8.521  8.828  8.981  9.175  6.668  7.289  8.770  8.515  9.095  8.779  8.602  9.122
    6.532769 0.6100000  4.6999  0.1658  7.240  8.531  8.838  8.991  9.185  6.681  7.301  8.780  8.525  9.105  8.789  8.612  9.132
    6.536622 0.6100000  4.6973  0.1540  7.251  8.541  8.848  9.001  9.194  6.694  7.312  8.790  8.535  9.115  8.799  8.622  9.142
    6.540500 0.6100000  4.6948  0.1422  7.262  8.552  8.858  9.010  9.204  6.706  7.324  8.800  8.545  9.125  8.809  8.632  9.152
    6.544394 0.6100000  4.6922  0.1303  7.273  8.562  8.868  9.020  9.214  6.719  7.336  8.810  8.556  9.135  8.819  8.643  9.162
    6.548301 0.6100000  4.6896  0.1185  7.284  8.572  8.877  9.030  9.223  6.732  7.348  8.820  8.566  9.144  8.829  8.653  9.171
    6.552220 0.6100000  4.6870  0.1066  7.295  8.583  8.887  9.039  9.233  6.745  7.360  8.830  8.576  9.154  8.839  8.663  9.181
    6.556146 0.6100000  4.6844  0.0947  7.306  8.593  8.897  9.049  9.242  6.757  7.372  8.840  8.586  9.163  8.849  8.673  9.190
    6.560068 0.6100000  4.6818  0.0829  7.317  8.603  8.906  9.058  9.252  6.770  7.383  8.850  8.596  9.173  8.859  8.683  9.200
    6.564013 0.6100000  4.6792  0.0711  7.328  8.613  8.916  9.068  9.261  6.782  7.395  8.859  8.606  9.182  8.868  8.693  9.209
    6.567984 0.6100000  4.6767  0.0593  7.338  8.624  8.925  9.078  9.270  6.795  7.407  8.869  8.616  9.192  8.878  8.703  9.219
    6.571986 0.6100000  4.6741  0.0475  7.349  8.634  8.935  9.087  9.280  6.808  7.419  8.879  8.626  9.201  8.888  8.713  9.228
    6.576027 0.6100000  4.6715  0.0357  7.360  8.644  8.945  9.097  9.289  6.820  7.430  8.889  8.636  9.211  8.898  8.723  9.238
    6.580093 0.6100000  4.6689  0.0239  7.371  8.654  8.954  9.106  9.299  6.833  7.442  8.899  8.646  9.220  8.908  8.733  9.247
    6.584187 0.6100000  4.6663  0.0121  7.382  8.665  8.964  9.116  9.308  6.846  7.454  8.909  8.656  9.230  8.918  8.743  9.257
    6.588308 0.6100000  4.6636  0.0003  7.393  8.675  8.973  9.125  9.318  6.858  7.466  8.918  8.667  9.239  8.927  8.753  9.266
    6.592457 0.6100000  4.6611 -0.0116  7.404  8.685  8.983  9.135  9.328  6.872  7.478  8.929  8.677  9.249  8.938  8.764  9.276
    6.596632 0.6100000  4.6584 -0.0234  7.415  8.696  8.993  9.145  9.337  6.884  7.490  8.938  8.687  9.258  8.947  8.774  9.285
    6.600828 0.6100000  4.6558 -0.0352  7.426  8.706  9.003  9.154  9.346  6.897  7.502  8.948  8.697  9.268  8.957  8.784  9.295
    6.605054 0.6100000  4.6532 -0.0470  7.437  8.716  9.012  9.164  9.356  6.910  7.514  8.958  8.707  9.277  8.967  8.794  9.304
    6.609317 0.6100000  4.6506 -0.0588  7.449  8.727  9.022  9.174  9.366  6.923  7.526  8.968  8.718  9.287  8.977  8.804  9.314
    6.613613 0.6100000  4.6480 -0.0705  7.460  8.737  9.032  9.183  9.375  6.936  7.539  8.978  8.728  9.297  8.987  8.815  9.324
    6.617950 0.6100000  4.6454 -0.0823  7.471  8.748  9.042  9.193  9.385  6.949  7.551  8.988  8.738  9.306  8.997  8.825  9.333
    6.622316 0.6100000  4.6428 -0.0941  7.483  8.758  9.052  9.203  9.394  6.963  7.563  8.999  8.749  9.316  9.007  8.835  9.343
    6.626714 0.6100000  4.6402 -0.1059  7.494  8.769  9.061  9.213  9.404  6.976  7.576  9.009  8.759  9.326  9.018  8.846  9.353
    6.631130 0.6100000  4.6375 -0.1178  7.506  8.780  9.072  9.223  9.414  6.990  7.589  9.019  8.770  9.336  9.028  8.856  9.363
    6.635573 0.6100000  4.6349 -0.1296  7.517  8.790  9.082  9.233  9.424  7.003  7.601  9.029  8.780  9.346  9.038  8.867  9.373
    6.640044 0.6100000  4.6323 -0.1414  7.529  8.801  9.092  9.243  9.433  7.017  7.614  9.040  8.791  9.355  9.049  8.877  9.382
    6.644545 0.6100000  4.6297 -0.1531  7.540  8.812  9.101  9.252  9.443  7.030  7.626  9.050  8.801  9.365  9.059  8.887  9.392
    6.649081 0.6100000  4.6271 -0.1649  7.552  8.823  9.112  9.262  9.453  7.044  7.639  9.060  8.812  9.375  9.069  8.898  9.402
    6.653660 0.6100000  4.6244 -0.1767  7.564  8.833  9.122  9.272  9.463  7.058  7.652  9.071  8.823  9.385  9.080  8.909  9.412
    6.658276 0.6100000  4.6218 -0.1885  7.576  8.844  9.132  9.282  9.472  7.071  7.665  9.081  8.833  9.395  9.090  8.919  9.422
    6.662910 0.6100000  4.6192 -0.2003  7.587  8.855  9.142  9.293  9.482  7.085  7.678  9.091  8.844  9.405  9.100  8.930  9.432
    6.667589 0.6100000  4.6166 -0.2120  7.599  8.866  9.152  9.302  9.492  7.099  7.691  9.102  8.855  9.415  9.111  8.940  9.442
    6.672307 0.6100000  4.6139 -0.2238  7.611  8.877  9.162  9.313  9.502  7.113  7.704  9.112  8.866  9.425  9.121  8.951  9.452
    6.677074 0.6100000  4.6113 -0.2355  7.623  8.888  9.173  9.323  9.512  7.127  7.717  9.123  8.876  9.435  9.132  8.962  9.462
    6.681887 0.6100000  4.6087 -0.2473  7.635  8.899  9.183  9.333  9.522  7.141  7.730  9.133  8.887  9.445  9.142  8.973  9.472
    6.686732 0.6100000  4.6061 -0.2591  7.647  8.910  9.193  9.343  9.532  7.155  7.743  9.144  8.898  9.455  9.153  8.983  9.482
    6.691610 0.6100000  4.6034 -0.2709  7.659  8.921  9.203  9.353  9.542  7.169  7.756  9.154  8.909  9.465  9.163  8.994  9.492
    6.696512 0.6100000  4.6008 -0.2827  7.671  8.932  9.214  9.364  9.552  7.184  7.770  9.165  8.920  9.475  9.174  9.005  9.502
    6.701446 0.6100000  4.5982 -0.2945  7.684  8.944  9.225  9.375  9.562  7.199  7.784  9.176  8.932  9.486  9.185  9.017  9.513
    6.706415 0.6100000  4.5955 -0.3062  7.697  8.956  9.236  9.385  9.573  7.214  7.798  9.187  8.944  9.497  9.197  9.028  9.524
    6.711443 0.6100000  4.5929 -0.3180  7.710  8.968  9.247  9.396  9.583  7.229  7.812  9.199  8.955  9.507  9.208  9.040  9.534
    6.716520 0.6100000  4.5903 -0.3298  7.723  8.980  9.258  9.407  9.594  7.244  7.826  9.210  8.967  9.518  9.219  9.051  9.545
    6.721627 0.6100000  4.5876 -0.3415  7.736  8.992  9.269  9.418  9.605  7.259  7.841  9.221  8.979  9.529  9.231  9.063  9.556
    6.726766 0.6100000  4.5850 -0.3533  7.750  9.004  9.280  9.429  9.615  7.275  7.855  9.233  8.991  9.540  9.242  9.075  9.567
    6.731940 0.6100000  4.5824 -0.3650  7.763  9.016  9.291  9.440  9.626  7.290  7.870  9.244  9.002  9.551  9.253  9.087  9.578
    6.737175 0.6100000  4.5797 -0.3768  7.777  9.028  9.302  9.451  9.637  7.306  7.884  9.256  9.015  9.562  9.265  9.099  9.589
    6.742459 0.6100000  4.5771 -0.3885  7.790  9.040  9.313  9.462  9.648  7.321  7.899  9.267  9.027  9.573  9.277  9.111  9.600
    6.747784 0.6100000  4.5745 -0.4003  7.804  9.053  9.325  9.474  9.659  7.337  7.914  9.279  9.039  9.584  9.289  9.123  9.611
    6.753140 0.6100000  4.5718 -0.4121  7.818  9.065  9.337  9.485  9.670  7.353  7.929  9.291  9.051  9.595  9.301  9.135  9.623
    6.758544 0.6100000  4.5692 -0.4238  7.832  9.078  9.348  9.497  9.681  7.369  7.944  9.303  9.063  9.607  9.312  9.147  9.634
    6.763984 0.6100000  4.5665 -0.4356  7.846  9.090  9.360  9.508  9.693  7.385  7.960  9.315  9.076  9.618  9.324  9.160  9.645
    6.769467 0.6100000  4.5639 -0.4472  7.860  9.103  9.371  9.520  9.704  7.401  7.975  9.327  9.088  9.629  9.336  9.172  9.656
    6.775057 0.6100000  4.5613 -0.4589  7.874  9.116  9.383  9.531  9.715  7.418  7.990  9.339  9.101  9.641  9.348  9.184  9.668
    6.780726 0.6100000  4.5587 -0.4707  7.888  9.129  9.395  9.543  9.727  7.434  8.006  9.351  9.114  9.653  9.361  9.197  9.680
    6.786436 0.6100000  4.5560 -0.4824  7.903  9.141  9.407  9.555  9.738  7.451  8.022  9.363  9.126  9.664  9.373  9.210  9.691
    6.792187 0.6100000  4.5534 -0.4942  7.917  9.154  9.419  9.567  9.750  7.468  8.038  9.375  9.139  9.676  9.385  9.222  9.703
    6.797985 0.6100000  4.5507 -0.5059  7.932  9.168  9.430  9.578  9.761  7.484  8.054  9.388  9.152  9.688  9.398  9.235  9.715
    6.803836 0.6100000  4.5481 -0.5176  7.947  9.181  9.442  9.590  9.773  7.501  8.070  9.400  9.165  9.699  9.410  9.248  9.726
    6.809740 0.6100000  4.5455 -0.5293  7.962  9.194  9.455  9.602  9.785  7.518  8.086  9.413  9.178  9.711  9.423  9.261  9.738
    6.815724 0.6100000  4.5428 -0.5409  7.977  9.207  9.467  9.615  9.797  7.536  8.102  9.425  9.191  9.723  9.435  9.274  9.750
    6.821811 0.6100000  4.5402 -0.5526  7.993  9.222  9.480  9.627  9.809  7.554  8.120  9.439  9.205  9.736  9.449  9.288  9.763
    6.827967 0.6100000  4.5376 -0.5644  8.010  9.236  9.493  9.640  9.822  7.573  8.138  9.452  9.220  9.749  9.462  9.302  9.776
    6.834176 0.6100000  4.5349 -0.5761  8.026  9.251  9.506  9.653  9.834  7.591  8.156  9.466  9.234  9.762  9.476  9.316  9.789
    6.840433 0.6100000  4.5322 -0.5878  8.043  9.265  9.519  9.666  9.847  7.610  8.174  9.480  9.248  9.775  9.490  9.331  9.802
    6.846740 0.6100000  4.5296 -0.5995  8.060  9.280  9.533  9.680  9.860  7.629  8.193  9.494  9.263  9.788  9.504  9.345  9.815
    6.853116 0.6100000  4.5270 -0.6112  8.077  9.295  9.546  9.693  9.873  7.649  8.212  9.508  9.278  9.801  9.518  9.360  9.828
    6.859595 0.6100000  4.5243 -0.6229  8.095  9.311  9.560  9.707  9.886  7.668  8.230  9.522  9.293  9.814  9.532  9.374  9.841
    6.866151 0.6100000  4.5216 -0.6346  8.112  9.326  9.574  9.720  9.899  7.688  8.250  9.536  9.308  9.827  9.546  9.389  9.854
    6.872746 0.6100000  4.5189 -0.6463  8.130  9.341  9.587  9.734  9.913  7.708  8.269  9.550  9.323  9.841  9.561  9.404  9.868
    6.879388 0.6100000  4.5163 -0.6580  8.148  9.357  9.601  9.747  9.926  7.728  8.288  9.565  9.338  9.854  9.575  9.419  9.881
    6.886119 0.6100000  4.5136 -0.6696  8.166  9.372  9.615  9.761  9.939  7.748  8.308  9.579  9.353  9.868  9.590  9.434  9.895
    6.892962 0.6100000  4.5109 -0.6813  8.184  9.388  9.629  9.775  9.953  7.769  8.328  9.594  9.369  9.882  9.605  9.449  9.909
    6.899900 0.6100000  4.5083 -0.6929  8.203  9.404  9.644  9.789  9.967  7.789  8.348  9.609  9.384  9.896  9.620  9.465  9.923
    6.906924 0.6100000  4.5056 -0.7045  8.221  9.420  9.658  9.803  9.980  7.810  8.368  9.624  9.400  9.910  9.635  9.480  9.937
    6.914075 0.6100000  4.5030 -0.7161  8.240  9.436  9.672  9.818  9.994  7.831  8.389  9.639  9.416  9.924  9.650  9.496  9.951
    6.921353 0.6100000  4.5003 -0.7278  8.260  9.453  9.687  9.832 10.008  7.853  8.410  9.655  9.432  9.938  9.665  9.512  9.965
    6.928740 0.6100000  4.4976 -0.7394  8.279  9.469  9.702  9.847 10.022  7.874  8.431  9.670  9.448  9.952  9.681  9.528  9.979
    6.936225 0.6100000  4.4950 -0.7510  8.298  9.486  9.717  9.862 10.037  7.896  8.452  9.686  9.465  9.967  9.696  9.544  9.994
    6.943834 0.6100000  4.4923 -0.7626  8.318  9.503  9.732  9.876 10.051  7.918  8.473  9.701  9.481  9.981  9.712  9.561 10.008
    6.951567 0.6100000  4.4897 -0.7742  8.338  9.520  9.747  9.891 10.066  7.940  8.495  9.717  9.498  9.996  9.728  9.577 10.023
    6.959417 0.6100000  4.4870 -0.7858  8.358  9.537  9.762  9.906 10.080  7.962  8.517  9.733  9.515 10.011  9.744  9.594 10.038
    6.967378 0.6100000  4.4844 -0.7974  8.378  9.555  9.777  9.922 10.095  7.985  8.539  9.749  9.532 10.026  9.760  9.610 10.053
    6.975476 0.6100000  4.4817 -0.8090  8.399  9.572  9.793  9.937 10.110  8.007  8.561  9.766  9.549 10.041  9.777  9.627 10.068
    6.983729 0.6100000  4.4791 -0.8205  8.420  9.590  9.809  9.952 10.125  8.030  8.584  9.782  9.566 10.056  9.793  9.644 10.083
    6.992130 0.6100000  4.4764 -0.8321  8.440  9.607  9.824  9.968 10.140  8.053  8.606  9.798  9.583 10.071  9.809  9.661 10.098
    7.000671 0.6100000  4.4738 -0.8437  8.460  9.624  9.839  9.982 10.153  8.076  8.628  9.813  9.599 10.085  9.824  9.677 10.112
    7.009359 0.6100000  4.4712 -0.8552  8.479  9.640  9.853  9.996 10.167  8.099  8.650  9.828  9.615 10.099  9.839  9.693 10.126
    7.018212 0.6100000  4.4685 -0.8668  8.498  9.656  9.868 10.010 10.181  8.123  8.672  9.843  9.631 10.113  9.855  9.708 10.140
    7.027222 0.6100000  4.4659 -0.8783  8.518  9.673  9.882 10.024 10.194  8.146  8.694  9.858  9.647 10.127  9.870  9.724 10.154
    7.036392 0.6100000  4.4632 -0.8898  8.537  9.689  9.896 10.038 10.207  8.170  8.716  9.873  9.663 10.140  9.885  9.740 10.167
    7.045732 0.6100000  4.4606 -0.9014  8.557  9.706  9.911 10.053 10.221  8.194  8.739  9.889  9.679 10.154  9.900  9.756 10.181
    7.055236 0.6100000  4.4580 -0.9129  8.577  9.722  9.925 10.067 10.235  8.218  8.761  9.904  9.695 10.168  9.915  9.772 10.195
    7.064912 0.6100000  4.4553 -0.9245  8.597  9.739  9.940 10.081 10.248  8.242  8.784  9.919  9.712 10.182  9.930  9.788 10.209
    7.074753 0.6100000  4.4527 -0.9360  8.616  9.755  9.955 10.095 10.262  8.266  8.807  9.934  9.728 10.196  9.945  9.803 10.223
    7.084769 0.6100000  4.4501 -0.9475  8.636  9.772  9.969 10.109 10.275  8.291  8.829  9.949  9.744 10.210  9.961  9.819 10.236
    7.094969 0.6100000  4.4474 -0.9590  8.656  9.789  9.984 10.124 10.289  8.316  8.852  9.964  9.760 10.223  9.976  9.835 10.250
    7.105373 0.6100000  4.4448 -0.9705  8.676  9.805  9.998 10.138 10.302  8.341  8.876  9.979  9.776 10.237  9.991  9.851 10.264
    7.115945 0.6100000  4.4421 -0.9820  8.696  9.822 10.013 10.152 10.316  8.366  8.899  9.994  9.793 10.251 10.006  9.867 10.278
    7.126696 0.6100000  4.4395 -0.9935  8.717  9.839 10.028 10.166 10.329  8.391  8.922 10.010  9.809 10.265 10.021  9.883 10.291
    7.137609 0.6100000  4.4368 -1.0051  8.737  9.856 10.042 10.181 10.343  8.417  8.946 10.025  9.825 10.279 10.037  9.899 10.305
    7.148669 0.6100000  4.4342 -1.0166  8.757  9.873 10.057 10.195 10.356  8.442  8.970 10.040  9.842 10.292 10.052  9.915 10.319
    7.159878 0.6100000  4.4315 -1.0282  8.778  9.890 10.072 10.209 10.370  8.468  8.994 10.056  9.858 10.306 10.068  9.932 10.333
    7.171232 0.6100000  4.4289 -1.0397  8.798  9.906 10.087 10.223 10.383  8.494  9.018 10.071  9.874 10.320 10.083  9.948 10.347
    7.182706 0.6100000  4.4262 -1.0513  8.819  9.923 10.101 10.238 10.397  8.521  9.042 10.086  9.891 10.334 10.098  9.964 10.361
    7.194308 0.6100000  4.4236 -1.0629  8.840  9.941 10.116 10.252 10.411  8.548  9.067 10.102  9.908 10.348 10.114  9.980 10.375
    7.206035 0.6100000  4.4209 -1.0744  8.860  9.958 10.131 10.266 10.424  8.574  9.091 10.117  9.924 10.362 10.129  9.996 10.388
    7.217872 0.6100000  4.4182 -1.0860  8.881  9.975 10.146 10.281 10.438  8.601  9.116 10.132  9.941 10.376 10.145 10.013 10.402
    7.229835 0.6100000  4.4156 -1.0975  8.902  9.992 10.161 10.295 10.451  8.628  9.140 10.147  9.957 10.389 10.160 10.029 10.416
    7.241907 0.6100000  4.4129 -1.1091  8.923 10.009 10.176 10.309 10.465  8.656  9.166 10.163  9.974 10.403 10.175 10.045 10.430
    7.254100 0.6100000  4.4102 -1.1206  8.944 10.026 10.190 10.324 10.478  8.683  9.190 10.178  9.990 10.417 10.191 10.061 10.443
    7.266423 0.6100000  4.4075 -1.1322  8.965 10.043 10.205 10.338 10.491  8.711  9.216 10.194 10.007 10.431 10.206 10.078 10.457
    7.278825 0.6100000  4.4048 -1.1437  8.986 10.060 10.220 10.352 10.505  8.739  9.241 10.209 10.023 10.444 10.222 10.094 10.471
    7.291389 0.6100000  4.4022 -1.1553  9.008 10.078 10.235 10.367 10.518  8.767  9.267 10.224 10.040 10.458 10.237 10.110 10.484
    7.304079 0.6100000  4.3995 -1.1668  9.029 10.095 10.250 10.381 10.532  8.795  9.292 10.240 10.057 10.472 10.252 10.127 10.498
    7.316885 0.6100000  4.3968 -1.1784  9.050 10.112 10.264 10.395 10.545  8.823  9.317 10.255 10.073 10.485 10.268 10.143 10.511
    7.329835 0.6100000  4.3941 -1.1899  9.069 10.128 10.278 10.408 10.557  8.849  9.340 10.269 10.088 10.498 10.282 10.158 10.524
    7.342927 0.6100000  4.3914 -1.2014  9.089 10.143 10.292 10.421 10.569  8.876  9.364 10.283 10.103 10.511 10.296 10.173 10.537
    7.356167 0.6100000  4.3887 -1.2129  9.108 10.159 10.305 10.434 10.581  8.902  9.387 10.297 10.119 10.523 10.310 10.187 10.549
    7.369532 0.6100000  4.3860 -1.2244  9.127 10.175 10.318 10.447 10.593  8.929  9.411 10.311 10.134 10.536 10.324 10.202 10.561
    7.383030 0.6100000  4.3833 -1.2359  9.146 10.190 10.332 10.460 10.605  8.955  9.434 10.325 10.149 10.548 10.338 10.217 10.574
    7.396680 0.6100000  4.3806 -1.2475  9.166 10.206 10.345 10.473 10.618  8.982  9.458 10.339 10.164 10.560 10.352 10.232 10.586
    7.410444 0.6100000  4.3779 -1.2590  9.185 10.221 10.358 10.485 10.630  9.009  9.481 10.352 10.179 10.573 10.366 10.246 10.598
    7.424341 0.6100000  4.3752 -1.2706  9.204 10.237 10.372 10.498 10.642  9.036  9.504 10.366 10.194 10.585 10.380 10.261 10.611
    7.438288 0.6100000  4.3725 -1.2821  9.223 10.252 10.385 10.511 10.653  9.063  9.528 10.380 10.208 10.597 10.393 10.276 10.623
    7.452365 0.6100000  4.3698 -1.2936  9.242 10.267 10.398 10.523 10.665  9.090  9.551 10.393 10.223 10.609 10.407 10.290 10.635
    7.466498 0.6100000  4.3671 -1.3052  9.262 10.282 10.411 10.536 10.677  9.118  9.575 10.407 10.238 10.621 10.420 10.305 10.647
    7.480726 0.6100000  4.3644 -1.3167  9.281 10.298 10.424 10.548 10.688  9.145  9.598 10.420 10.252 10.633 10.434 10.319 10.659
    7.495016 0.6100000  4.3617 -1.3283  9.300 10.313 10.437 10.561 10.700  9.172  9.621 10.434 10.267 10.645 10.447 10.333 10.671
    7.509363 0.6100000  4.3589 -1.3399  9.319 10.328 10.450 10.573 10.711  9.200  9.645 10.447 10.281 10.657 10.461 10.348 10.683
    7.523759 0.6100000  4.3562 -1.3514  9.337 10.343 10.462 10.585 10.723  9.227  9.668 10.460 10.296 10.669 10.474 10.362 10.694
    7.538202 0.6100000  4.3535 -1.3630  9.356 10.358 10.475 10.598 10.734  9.254  9.692 10.474 10.310 10.680 10.488 10.376 10.706
    7.552683 0.6100000  4.3508 -1.3746  9.375 10.373 10.488 10.610 10.745  9.282  9.715 10.487 10.325 10.692 10.501 10.390 10.718
    7.567184 0.6100000  4.3480 -1.3862  9.394 10.388 10.501 10.622 10.757  9.310  9.738 10.500 10.339 10.704 10.514 10.404 10.729
    7.581695 0.6100000  4.3453 -1.3978  9.413 10.403 10.513 10.634 10.768  9.338  9.762 10.513 10.353 10.715 10.527 10.418 10.741
    7.596193 0.6100000  4.3426 -1.4094  9.432 10.417 10.526 10.646 10.779  9.366  9.785 10.526 10.368 10.727 10.540 10.432 10.752
    7.610688 0.6100000  4.3398 -1.4211  9.451 10.432 10.538 10.658 10.790  9.394  9.809 10.539 10.382 10.738 10.554 10.446 10.764
    7.625141 0.6100000  4.3371 -1.4327  9.469 10.447 10.551 10.670 10.801  9.422  9.832 10.552 10.396 10.750 10.567 10.460 10.775
    7.639561 0.6100000  4.3343 -1.4444  9.488 10.462 10.563 10.682 10.812  9.450  9.856 10.565 10.410 10.761 10.580 10.474 10.787
    7.653930 0.6100000  4.3316 -1.4560  9.507 10.476 10.576 10.694 10.823  9.478  9.879 10.578 10.424 10.772 10.593 10.488 10.798
    7.668271 0.6100000  4.3289 -1.4676  9.525 10.491 10.588 10.705 10.834  9.506  9.903 10.591 10.438 10.784 10.605 10.501 10.809
    7.682560 0.6100000  4.3261 -1.4793  9.544 10.505 10.600 10.717 10.845  9.535  9.926 10.604 10.452 10.795 10.618 10.515 10.820
    7.696779 0.6100000  4.3233 -1.4910  9.562 10.520 10.612 10.729 10.855  9.564  9.950 10.616 10.466 10.806 10.631 10.529 10.831
    7.710919 0.6100000  4.3206 -1.5027  9.581 10.534 10.624 10.740 10.866  9.592  9.973 10.629 10.480 10.817 10.644 10.542 10.842
    7.724950 0.6100000  4.3178 -1.5144  9.599 10.549 10.636 10.752 10.877  9.621  9.997 10.642 10.493 10.828 10.656 10.556 10.853
    7.738906 0.6100000  4.3150 -1.5261  9.618 10.563 10.649 10.763 10.887  9.650 10.020 10.654 10.507 10.839 10.669 10.569 10.864
    7.752785 0.6100000  4.3123 -1.5378  9.636 10.577 10.660 10.775 10.898  9.678 10.044 10.667 10.521 10.850 10.681 10.583 10.875
    7.766580 0.6100000  4.3095 -1.5495  9.654 10.591 10.672 10.786 10.908  9.707 10.067 10.679 10.534 10.860 10.694 10.596 10.885
    7.780286 0.6100000  4.3067 -1.5612  9.672 10.605 10.684 10.797 10.918  9.736 10.091 10.691 10.548 10.871 10.706 10.609 10.896
    7.793906 0.6100000  4.3039 -1.5729  9.691 10.619 10.696 10.808 10.928  9.765 10.114 10.703 10.561 10.882 10.718 10.622 10.907
    7.807420 0.6100000  4.3011 -1.5846  9.709 10.633 10.707 10.819 10.939  9.795 10.138 10.716 10.575 10.892 10.731 10.635 10.917
    7.820847 0.6100000  4.2984 -1.5963  9.728 10.648 10.720 10.831 10.949  9.824 10.162 10.728 10.589 10.903 10.744 10.649 10.928
    7.834168 0.6100000  4.2956 -1.6081  9.747 10.663 10.732 10.843 10.960  9.853 10.186 10.741 10.603 10.915 10.757 10.663 10.940
    7.847360 0.6100000  4.2928 -1.6198  9.766 10.678 10.744 10.855 10.971  9.882 10.210 10.754 10.617 10.926 10.769 10.677 10.951
    7.860474 0.6100000  4.2900 -1.6315  9.785 10.692 10.757 10.866 10.982  9.911 10.235 10.767 10.631 10.937 10.782 10.691 10.962
    7.873474 0.6100000  4.2872 -1.6433  9.805 10.707 10.769 10.878 10.993  9.940 10.259 10.780 10.645 10.948 10.795 10.705 10.973
    7.886362 0.6100000  4.2844 -1.6551  9.824 10.722 10.781 10.890 11.004  9.970 10.283 10.793 10.659 10.960 10.808 10.718 10.984
    7.899125 0.6100000  4.2816 -1.6668  9.843 10.737 10.794 10.902 11.014  9.999 10.308 10.806 10.673 10.971 10.821 10.732 10.995
    7.911788 0.6100000  4.2788 -1.6786  9.863 10.752 10.806 10.913 11.025 10.029 10.332 10.818 10.687 10.982 10.834 10.746 11.007
    7.924338 0.6100000  4.2760 -1.6904  9.882 10.767 10.818 10.925 11.036 10.058 10.357 10.831 10.701 10.993 10.847 10.760 11.018
    7.936751 0.6100000  4.2732 -1.7021  9.901 10.781 10.830 10.937 11.047 10.088 10.381 10.844 10.715 11.004 10.859 10.773 11.029
    7.949055 0.6100000  4.2704 -1.7139  9.921 10.796 10.843 10.948 11.057 10.118 10.405 10.857 10.729 11.015 10.872 10.787 11.040
    7.961249 0.6100000  4.2675 -1.7257  9.940 10.811 10.855 10.960 11.068 10.147 10.430 10.870 10.743 11.026 10.885 10.801 11.051
    7.973344 0.6100000  4.2648 -1.7374  9.959 10.826 10.867 10.971 11.079 10.177 10.454 10.882 10.757 11.037 10.898 10.815 11.062
    7.985344 0.6100000  4.2619 -1.7492  9.979 10.841 10.879 10.983 11.089 10.207 10.479 10.895 10.771 11.048 10.910 10.828 11.073
    7.997208 0.6100000  4.2591 -1.7610  9.998 10.855 10.891 10.995 11.100 10.237 10.504 10.908 10.785 11.059 10.923 10.842 11.084
    8.008961 0.6100000  4.2563 -1.7728 10.017 10.870 10.903 11.006 11.111 10.267 10.528 10.920 10.799 11.070 10.936 10.856 11.095
    8.020607 0.6100000  4.2535 -1.7846 10.037 10.885 10.915 11.018 11.121 10.297 10.553 10.933 10.813 11.081 10.949 10.869 11.106
    8.032147 0.6100000  4.2507 -1.7964 10.056 10.900 10.927 11.029 11.132 10.327 10.578 10.946 10.827 11.092 10.961 10.883 11.117
    8.043576 0.6100000  4.2478 -1.8082 10.076 10.915 10.939 11.041 11.143 10.358 10.603 10.958 10.840 11.103 10.974 10.897 11.127
    8.054904 0.6100000  4.2450 -1.8200 10.095 10.929 10.951 11.052 11.153 10.388 10.627 10.971 10.854 11.114 10.987 10.910 11.138
    8.066133 0.6100000  4.2422 -1.8318 10.115 10.944 10.963 11.064 11.164 10.418 10.652 10.983 10.868 11.125 10.999 10.924 11.149
    8.077260 0.6100000  4.2394 -1.8436 10.134 10.959 10.975 11.075 11.174 10.449 10.677 10.996 10.882 11.136 11.012 10.938 11.160
    8.088285 0.6100000  4.2366 -1.8554 10.154 10.974 10.987 11.086 11.185 10.479 10.702 11.009 10.896 11.147 11.024 10.951 11.171
    8.099192 0.6100000  4.2337 -1.8672 10.173 10.988 10.999 11.098 11.195 10.510 10.727 11.021 10.910 11.157 11.037 10.965 11.182
    8.110018 0.6100000  4.2309 -1.8790 10.193 11.003 11.011 11.109 11.206 10.540 10.752 11.034 10.923 11.168 11.050 10.978 11.192
    8.120741 0.6100000  4.2281 -1.8909 10.213 11.018 11.024 11.121 11.216 10.571 10.777 11.046 10.937 11.179 11.062 10.992 11.203
    8.131348 0.6100000  4.2252 -1.9027 10.232 11.033 11.036 11.133 11.227 10.602 10.803 11.059 10.951 11.190 11.075 11.006 11.214
    8.141865 0.6100000  4.2224 -1.9145 10.252 11.048 11.048 11.144 11.237 10.634 10.828 11.072 10.965 11.201 11.088 11.020 11.225
    8.152292 0.6100000  4.2196 -1.9263 10.271 11.063 11.060 11.156 11.248 10.665 10.853 11.084 10.979 11.212 11.100 11.033 11.236
    8.162627 0.6100000  4.2167 -1.9381 10.291 11.078 11.072 11.167 11.258 10.696 10.879 11.097 10.993 11.223 11.113 11.047 11.247
    8.172875 0.6100000  4.2139 -1.9500 10.311 11.093 11.084 11.179 11.269 10.728 10.904 11.110 11.008 11.234 11.126 11.061 11.258
    8.183040 0.6100000  4.2111 -1.9618 10.331 11.108 11.096 11.190 11.279 10.759 10.929 11.122 11.021 11.244 11.139 11.075 11.268
    8.193097 0.6100000  4.2082 -1.9736 10.351 11.123 11.108 11.201 11.289 10.791 10.955 11.135 11.035 11.255 11.151 11.088 11.279
    8.203076 0.6100000  4.2054 -1.9854 10.370 11.138 11.120 11.212 11.299 10.823 10.980 11.147 11.049 11.266 11.164 11.102 11.290
    8.212996 0.6100000  4.2025 -1.9973 10.390 11.153 11.132 11.224 11.309 10.855 11.005 11.160 11.064 11.276 11.177 11.115 11.300
    8.222841 0.6100000  4.1997 -2.0091 10.410 11.169 11.144 11.235 11.319 10.887 11.031 11.173 11.077 11.287 11.190 11.129 11.311
    8.232618 0.6100000  4.1968 -2.0209 10.430 11.184 11.156 11.246 11.330 10.919 11.056 11.185 11.091 11.298 11.202 11.143 11.322
    8.242335 0.6100000  4.1940 -2.0327 10.450 11.199 11.168 11.258 11.340 10.952 11.082 11.198 11.105 11.308 11.215 11.157 11.332
    8.251985 0.6100000  4.1912 -2.0445 10.470 11.215 11.180 11.269 11.350 10.984 11.108 11.210 11.119 11.319 11.227 11.171 11.343
    8.261570 0.6100000  4.1883 -2.0563 10.489 11.230 11.192 11.280 11.360 11.017 11.133 11.223 11.133 11.330 11.240 11.185 11.354
    8.271094 0.6100000  4.1855 -2.0681 10.509 11.245 11.204 11.292 11.370 11.050 11.159 11.236 11.147 11.340 11.253 11.199 11.364
    8.280559 0.6100000  4.1826 -2.0800 10.529 11.261 11.216 11.303 11.380 11.084 11.185 11.249 11.161 11.351 11.266 11.213 11.375
    8.289963 0.6100000  4.1798 -2.0918 10.549 11.276 11.229 11.315 11.390 11.117 11.211 11.261 11.175 11.362 11.278 11.227 11.386
    8.299311 0.6100000  4.1769 -2.1036 10.568 11.291 11.241 11.326 11.400 11.151 11.236 11.274 11.190 11.372 11.291 11.241 11.396
    8.308599 0.6100000  4.1741 -2.1154 10.588 11.307 11.253 11.337 11.410 11.185 11.262 11.287 11.204 11.383 11.304 11.254 11.407
    8.317836 0.6100000  4.1712 -2.1272 10.608 11.322 11.265 11.349 11.420 11.220 11.288 11.299 11.218 11.393 11.316 11.268 11.417
    8.327018 0.6100000  4.1684 -2.1390 10.627 11.338 11.277 11.360 11.430 11.254 11.313 11.312 11.232 11.404 11.329 11.282 11.427
    8.336150 0.6100000  4.1655 -2.1509 10.647 11.353 11.289 11.371 11.440 11.289 11.339 11.324 11.246 11.415 11.341 11.296 11.438
    8.345233 0.6100000  4.1627 -2.1627 10.666 11.369 11.301 11.383 11.450 11.324 11.365 11.337 11.260 11.425 11.354 11.309 11.448
    8.354266 0.6100000  4.1598 -2.1745 10.685 11.384 11.314 11.394 11.459 11.360 11.390 11.349 11.274 11.436 11.366 11.323 11.459
    8.363241 0.6100000  4.1570 -2.1863 10.705 11.400 11.326 11.405 11.469 11.396 11.416 11.362 11.288 11.446 11.379 11.337 11.469
    8.372153 0.6100000  4.1541 -2.1982 10.724 11.416 11.338 11.417 11.479 11.433 11.443 11.375 11.303 11.457 11.392 11.351 11.480
    8.381006 0.6100000  4.1513 -2.2100 10.743 11.432 11.351 11.428 11.489 11.470 11.469 11.388 11.317 11.467 11.405 11.365 11.490
    8.389811 0.6100000  4.1484 -2.2218 10.763 11.448 11.363 11.440 11.499 11.507 11.496 11.401 11.332 11.477 11.418 11.380 11.500
    8.398576 0.6100000  4.1455 -2.2336 10.782 11.464 11.376 11.451 11.509 11.545 11.522 11.414 11.346 11.488 11.431 11.394 11.511
    8.407299 0.6100000  4.1427 -2.2455 10.800 11.480 11.389 11.462 11.518 11.585 11.549 11.427 11.360 11.498 11.444 11.408 11.521
    8.415979 0.6100000  4.1398 -2.2573 10.819 11.495 11.401 11.473 11.528 11.625 11.575 11.439 11.374 11.508 11.456 11.422 11.531
    8.424619 0.6100000  4.1369 -2.2691 10.837 11.510 11.413 11.484 11.537 11.666 11.602 11.451 11.388 11.518 11.469 11.436 11.541
    8.433218 0.6100000  4.1341 -2.2809 10.855 11.526 11.426 11.495 11.546 11.708 11.628 11.464 11.402 11.527 11.481 11.449 11.550
    8.441777 0.6100000  4.1312 -2.2927 10.873 11.541 11.438 11.505 11.555 11.751 11.654 11.476 11.415 11.537 11.494 11.463 11.560
    8.450298 0.6100000  4.1284 -2.3046 10.890 11.556 11.450 11.516 11.564 11.796 11.681 11.488 11.429 11.546 11.506 11.477 11.569
    8.458780 0.6100000  4.1255 -2.3164 10.907 11.571 11.462 11.527 11.573 11.843 11.707 11.500 11.442 11.555 11.518 11.490 11.578
    8.467223 0.6100000  4.1226 -2.3282 10.923 11.585 11.474 11.537 11.581 11.892 11.734 11.511 11.455 11.564 11.529 11.503 11.587
    8.475628 0.6100000  4.1198 -2.3400 10.939 11.600 11.485 11.547 11.590 11.942 11.760 11.523 11.468 11.573 11.541 11.515 11.596
    8.483994 0.6100000  4.1169 -2.3519 10.955 11.614 11.497 11.557 11.598 11.994 11.787 11.534 11.481 11.582 11.552 11.528 11.605
    8.492320 0.6100000  4.1140 -2.3637 10.970 11.628 11.509 11.567 11.606 12.047 11.813 11.546 11.493 11.590 11.564 11.540 11.613
    8.500605 0.6100000  4.1112 -2.3755 10.985 11.641 11.520 11.576 11.614 12.105 11.839 11.556 11.506 11.598 11.574 11.552 11.621
    8.508853 0.6100000  4.1083 -2.3874 10.999 11.655 11.531 11.585 11.621 12.167 11.864 11.567 11.518 11.606 11.585 11.564 11.629
    8.517060 0.6100000  4.1054 -2.3992 11.013 11.668 11.541 11.594 11.628 12.232 11.889 11.577 11.529 11.614 11.595 11.576 11.637
    8.525228 0.6100000  4.1026 -2.4110 11.026 11.681 11.552 11.603 11.635 12.300 11.914 11.587 11.541 11.622 11.605 11.587 11.644
    8.533353 0.6100000  4.0997 -2.4229 11.040 11.693 11.563 11.612 11.642 12.370 11.939 11.597 11.552 11.630 11.615 11.598 11.652
    8.541436 0.6100000  4.0968 -2.4347 11.052 11.705 11.573 11.620 11.649 12.444 11.964 11.607 11.563 11.637 11.625 11.609 11.659
    8.549477 0.6100000  4.0940 -2.4465 11.066 11.719 11.584 11.629 11.656 12.521 11.990 11.617 11.575 11.645 11.635 11.621 11.667
    8.557495 0.6100000  4.0911 -2.4584 11.080 11.733 11.596 11.639 11.664 12.602 12.016 11.628 11.587 11.653 11.646 11.633 11.675
    8.565476 0.6100000  4.0882 -2.4702 11.095 11.746 11.608 11.649 11.672 12.686 12.043 11.640 11.600 11.661 11.658 11.645 11.684
    8.573424 0.6100000  4.0853 -2.4820 11.109 11.760 11.620 11.659 11.680 12.774 12.069 11.651 11.612 11.670 11.669 11.658 11.692
    8.581346 0.6100000  4.0824 -2.4939 11.124 11.774 11.632 11.669 11.688 12.865 12.096 11.662 11.625 11.678 11.680 11.671 11.701
    8.589244 0.6100000  4.0796 -2.5057 11.139 11.788 11.645 11.679 11.697 12.959 12.123 11.674 11.638 11.687 11.692 11.684 11.710
    8.597123 0.6100000  4.0767 -2.5175 11.155 11.804 11.658 11.691 11.706 13.048 12.152 11.687 11.652 11.696 11.705 11.698 11.719
    8.604983 0.6100000  4.0738 -2.5293 11.172 11.820 11.673 11.703 11.715 13.138 12.182 11.700 11.667 11.706 11.718 11.712 11.729
    8.612827 0.6100000  4.0709 -2.5411 11.189 11.837 11.687 11.715 11.725 13.228 12.213 11.714 11.682 11.716 11.731 11.728 11.739
    8.620659 0.6100000  4.0681 -2.5529 11.207 11.854 11.703 11.728 11.735 13.318 12.245 11.728 11.698 11.727 11.746 11.743 11.750
    8.628476 0.6100000  4.0652 -2.5647 11.226 11.872 11.718 11.741 11.745 13.410 12.277 11.743 11.715 11.739 11.760 11.760 11.761
    8.636283 0.6100000  4.0623 -2.5765 11.245 11.890 11.735 11.755 11.756 13.502 12.310 11.758 11.732 11.750 11.775 11.776 11.773
    8.644076 0.6100000  4.0595 -2.5883 11.265 11.909 11.751 11.769 11.767 13.597 12.343 11.774 11.749 11.762 11.791 11.793 11.784
    8.651857 0.6100000  4.0566 -2.6001 11.285 11.928 11.768 11.783 11.778 13.698 12.376 11.789 11.767 11.774 11.806 11.811 11.796
    8.659628 0.6100000  4.0537 -2.6119 11.304 11.947 11.785 11.797 11.790 13.802 12.409 11.805 11.784 11.786 11.822 11.828 11.808
    8.667390 0.6100000  4.0508 -2.6237 11.325 11.966 11.803 11.812 11.801 13.907 12.443 11.821 11.802 11.799 11.838 11.846 11.821
    8.675142 0.6100000  4.0480 -2.6355 11.345 11.986 11.821 11.827 11.814 14.016 12.477 11.838 11.820 11.811 11.855 11.865 11.833
    8.682888 0.6100000  4.0451 -2.6473 11.366 12.006 11.839 11.842 11.826 14.126 12.511 11.854 11.839 11.824 11.872 11.883 11.846
    8.690628 0.6100000  4.0422 -2.6591 11.387 12.027 11.858 11.858 11.839 14.240 12.545 11.871 11.858 11.837 11.889 11.903 11.859
    8.698363 0.6100000  4.0393 -2.6710 11.409 12.048 11.877 11.874 11.852 14.356 12.581 11.889 11.877 11.851 11.907 11.922 11.873
    8.706081 0.6100000  4.0365 -2.6827 11.431 12.070 11.897 11.890 11.865 14.474 12.616 11.907 11.897 11.865 11.925 11.942 11.887
    8.713810 0.6100000  4.0336 -2.6945 11.453 12.091 11.917 11.907 11.879 14.595 12.652 11.925 11.918 11.880 11.943 11.962 11.902
    8.721554 0.6100000  4.0308 -2.7063 11.475 12.114 11.937 11.925 11.893 14.719 12.688 11.944 11.939 11.894 11.962 11.983 11.916
    8.729305 0.6100000  4.0279 -2.7181 11.497 12.136 11.959 11.942 11.907 14.845 12.725 11.964 11.960 11.910 11.981 12.004 11.932
    8.737072 0.6100000  4.0251 -2.7298 11.520 12.159 11.980 11.960 11.921 14.974 12.762 11.983 11.981 11.925 12.000 12.025 11.947
    8.744840 0.6100000  4.0222 -2.7416 11.543 12.182 12.002 11.979 11.936 15.105 12.800 12.003 12.004 11.941 12.020 12.047 11.963
    8.752609 0.6100000  4.0193 -2.7534 11.566 12.206 12.024 11.997 11.951 15.229 12.838 12.023 12.026 11.957 12.040 12.069 11.979
    8.760379 0.6100000  4.0165 -2.7652 11.590 12.230 12.046 12.016 11.966 15.348 12.877 12.044 12.048 11.973 12.061 12.091 11.995
    8.768131 0.6100000  4.0137 -2.7768 11.613 12.253 12.068 12.035 11.982 15.464 12.915 12.064 12.071 11.989 12.081 12.113 12.011
    8.776034 0.6100000  4.0107 -2.7889 11.638 12.279 12.092 12.055 11.998 15.584 12.955 12.086 12.094 12.006 12.103 12.137 12.028
    8.783718 0.6100000  4.0079 -2.8005 11.662 12.303 12.115 12.075 12.014 15.697 12.994 12.107 12.117 12.023 12.124 12.160 12.044
    8.791562 0.6100000  4.0051 -2.8123 11.686 12.328 12.138 12.095 12.030 15.811 13.035 12.128 12.141 12.040 12.145 12.183 12.061
    8.799367 0.6100000  4.0022 -2.8242 11.711 12.354 12.163 12.115 12.047 15.925 13.076 12.150 12.165 12.058 12.167 12.208 12.079
    8.807150 0.6100000  3.9994 -2.8358 11.735 12.380 12.186 12.136 12.064 16.035 13.116 12.172 12.188 12.075 12.189 12.231 12.096
    8.814992 0.6100000  3.9964 -2.8479 11.761 12.406 12.211 12.157 12.081 16.146 13.158 12.194 12.213 12.093 12.211 12.256 12.114
    8.822654 0.6100000  3.9936 -2.8595 11.785 12.432 12.235 12.177 12.098 16.251 13.199 12.216 12.237 12.110 12.233 12.280 12.131
    8.830446 0.6100000  3.9907 -2.8714 11.811 12.458 12.260 12.198 12.115 16.357 13.241 12.239 12.262 12.129 12.256 12.304 12.149
    8.838173 0.6100000  3.9878 -2.8832 11.836 12.484 12.285 12.219 12.132 16.461 13.283 12.261 12.286 12.147 12.278 12.329 12.168
    8.845867 0.6100000  3.9850 -2.8950 11.861 12.511 12.310 12.240 12.150 16.563 13.326 12.284 12.311 12.165 12.301 12.354 12.186
    8.853564 0.6100000  3.9821 -2.9069 11.887 12.537 12.335 12.262 12.168 16.664 13.369 12.307 12.337 12.184 12.324 12.379 12.205
    8.861246 0.6100000  3.9792 -2.9187 11.913 12.564 12.361 12.284 12.186 16.763 13.412 12.330 12.362 12.202 12.347 12.404 12.223
    8.868900 0.6100000  3.9764 -2.9305 11.939 12.591 12.386 12.306 12.204 16.865 13.456 12.353 12.387 12.221 12.370 12.429 12.242
    8.876525 0.6100000  3.9735 -2.9423 11.965 12.618 12.412 12.327 12.221 16.972 13.500 12.376 12.412 12.240 12.393 12.454 12.261
    8.884150 0.6100000  3.9706 -2.9542 11.991 12.645 12.437 12.349 12.239 17.080 13.545 12.399 12.438 12.259 12.416 12.480 12.279
    8.891725 0.6100000  3.9677 -2.9661 12.018 12.672 12.462 12.371 12.257 17.191 13.590 12.423 12.463 12.277 12.440 12.505 12.298
    8.899220 0.6100000  3.9649 -2.9777 12.044 12.699 12.487 12.392 12.275 17.298 13.634 12.445 12.488 12.296 12.462 12.530 12.317
    8.906878 0.6100000  3.9620 -2.9894 12.070 12.726 12.512 12.414 12.293 17.408 13.679 12.468 12.513 12.315 12.485 12.555 12.335
    8.914549 0.6100000  3.9591 -3.0013 12.097 12.754 12.538 12.436 12.311 17.519 13.725 12.492 12.539 12.334 12.509 12.581 12.354
    8.922212 0.6100000  3.9563 -3.0131 12.124 12.781 12.564 12.458 12.330 17.632 13.772 12.515 12.565 12.353 12.532 12.607 12.373
    8.929856 0.6100000  3.9534 -3.0249 12.151 12.809 12.589 12.480 12.348 17.745 13.818 12.539 12.590 12.372 12.556 12.632 12.392
    8.937512 0.6100000  3.9505 -3.0367 12.178 12.836 12.615 12.502 12.366 17.864 13.866 12.562 12.616 12.391 12.579 12.658 12.411
    8.945164 0.6100000  3.9476 -3.0485 12.205 12.864 12.640 12.524 12.384 17.983 13.914 12.585 12.641 12.410 12.602 12.683 12.430
    8.952807 0.6100000  3.9448 -3.0603 12.233 12.892 12.665 12.546 12.402 18.105 13.962 12.608 12.667 12.429 12.625 12.709 12.449
    8.960442 0.6100000  3.9419 -3.0721 12.261 12.919 12.691 12.568 12.421 18.229 14.011 12.632 12.693 12.448 12.649 12.735 12.468
    8.968078 0.6100000  3.9390 -3.0838 12.288 12.947 12.716 12.590 12.439 18.354 14.060 12.655 12.718 12.467 12.672 12.760 12.487
    8.975744 0.6100000  3.9361 -3.0957 12.316 12.975 12.741 12.612 12.457 18.481 14.110 12.679 12.745 12.486 12.696 12.786 12.506
    8.983382 0.6100000  3.9333 -3.1074 12.344 13.003 12.766 12.634 12.475 18.610 14.159 12.702 12.770 12.505 12.719 12.812 12.525
    8.991027 0.6100000  3.9304 -3.1192 12.373 13.031 12.792 12.656 12.494 18.740 14.210 12.725 12.796 12.525 12.742 12.837 12.545
    8.998679 0.6100000  3.9275 -3.1310 12.401 13.059 12.817 12.678 12.512 18.873 14.262 12.749 12.822 12.544 12.766 12.863 12.564
    9.006339 0.6100000  3.9246 -3.1428 12.430 13.087 12.842 12.700 12.531 19.008 14.315 12.772 12.848 12.563 12.789 12.889 12.583
    9.014008 0.6100000  3.9218 -3.1546 12.459 13.115 12.868 12.722 12.549 19.145 14.368 12.796 12.874 12.582 12.813 12.915 12.602
    9.021684 0.6100000  3.9189 -3.1664 12.489 13.144 12.893 12.744 12.568 19.284 14.422 12.819 12.901 12.602 12.836 12.941 12.621
    9.029370 0.6100000  3.9160 -3.1782 12.518 13.172 12.919 12.766 12.586 19.425 14.477 12.843 12.927 12.621 12.860 12.968 12.641
    9.037063 0.6100000  3.9131 -3.1899 12.548 13.200 12.944 12.788 12.604 19.567 14.532 12.866 12.953 12.640 12.883 12.994 12.660
    9.044769 0.6100000  3.9103 -3.2017 12.578 13.229 12.970 12.810 12.623 19.712 14.589 12.890 12.979 12.660 12.907 13.020 12.679
    9.052482 0.6100000  3.9074 -3.2135 12.608 13.258 12.995 12.832 12.642 19.859 14.646 12.913 13.005 12.679 12.930 13.046 12.699
    9.060199 0.6100000  3.9045 -3.2253 12.639 13.287 13.021 12.854 12.660 20.008 14.703 12.937 13.032 12.699 12.954 13.073 12.718
    9.067924 0.6100000  3.9016 -3.2371 12.670 13.316 13.047 12.876 12.679 20.155 14.762 12.961 13.058 12.719 12.978 13.099 12.737
    9.075658 0.6100000  3.8987 -3.2488 12.701 13.344 13.072 12.898 12.697 20.300 14.823 12.984 13.085 12.738 13.001 13.125 12.757
    9.083408 0.6100000  3.8958 -3.2606 12.732 13.374 13.098 12.920 12.716 20.446 14.884 13.008 13.111 12.757 13.025 13.152 12.776
    9.091173 0.6100000  3.8929 -3.2724 12.764 13.403 13.124 12.942 12.734 20.593 14.946 13.032 13.138 12.777 13.049 13.179 12.795
    9.098954 0.6100000  3.8901 -3.2842 12.797 13.433 13.149 12.965 12.753 20.741 15.010 13.056 13.165 12.796 13.073 13.205 12.815
    9.106752 0.6100000  3.8872 -3.2959 12.829 13.462 13.175 12.987 12.771 20.888 15.074 13.079 13.192 12.815 13.096 13.232 12.834
    9.114566 0.6100000  3.8843 -3.3077 12.862 13.492 13.201 13.009 12.790 21.036 15.139 13.103 13.219 12.835 13.120 13.258 12.853
    9.122398 0.6100000  3.8814 -3.3195 12.895 13.522 13.227 13.031 12.809 21.186 15.205 13.127 13.246 12.855 13.144 13.285 12.873
    9.130247 0.6100000  3.8786 -3.3312 12.928 13.552 13.252 13.053 12.827 21.335 15.272 13.151 13.273 12.874 13.168 13.312 12.892
    9.138112 0.6100000  3.8757 -3.3430 12.962 13.582 13.278 13.076 12.846 21.486 15.340 13.175 13.301 12.893 13.192 13.339 12.911
    9.145995 0.6100000  3.8728 -3.3548 12.996 13.613 13.304 13.098 12.864 21.628 15.410 13.199 13.328 12.913 13.216 13.366 12.931
    9.153894 0.6100000  3.8699 -3.3665 13.031 13.643 13.330 13.121 12.883 21.766 15.482 13.223 13.356 12.932 13.240 13.393 12.950
    9.161810 0.6100000  3.8670 -3.3783 13.066 13.674 13.356 13.143 12.902 21.904 15.556 13.247 13.383 12.952 13.264 13.421 12.970
    9.169743 0.6100000  3.8641 -3.3901 13.102 13.705 13.383 13.166 12.920 22.039 15.631 13.271 13.411 12.972 13.288 13.448 12.990
    9.177691 0.6100000  3.8612 -3.4018 13.138 13.736 13.409 13.188 12.939 22.173 15.707 13.295 13.439 12.991 13.312 13.476 13.009
    9.185655 0.6100000  3.8583 -3.4136 13.174 13.768 13.435 13.211 12.958 22.307 15.785 13.320 13.467 13.011 13.337 13.504 13.029
    9.193634 0.6100000  3.8554 -3.4254 13.211 13.800 13.461 13.233 12.977 22.438 15.864 13.344 13.495 13.031 13.361 13.532 13.049
    9.201627 0.6100000  3.8525 -3.4371 13.248 13.831 13.488 13.256 12.995 22.567 15.944 13.369 13.523 13.050 13.386 13.559 13.068
    9.209638 0.6100000  3.8497 -3.4489 13.286 13.863 13.514 13.278 13.014 22.695 16.026 13.393 13.551 13.070 13.410 13.588 13.088
    9.217665 0.6100000  3.8468 -3.4607 13.324 13.896 13.541 13.301 13.033 22.822 16.108 13.418 13.580 13.090 13.435 13.616 13.108
    9.225702 0.6100000  3.8439 -3.4724 13.363 13.928 13.567 13.324 13.052 22.947 16.193 13.443 13.608 13.110 13.460 13.644 13.128
    9.233755 0.6100000  3.8410 -3.4842 13.402 13.961 13.594 13.347 13.071 23.071 16.281 13.467 13.637 13.129 13.484 13.673 13.147
    9.241823 0.6100000  3.8381 -3.4959 13.443 13.994 13.621 13.369 13.090 23.194 16.371 13.492 13.666 13.149 13.509 13.701 13.167
    9.249924 0.6100000  3.8353 -3.5077 13.483 14.027 13.648 13.392 13.109 23.315 16.462 13.517 13.695 13.169 13.534 13.730 13.187
    9.258043 0.6100000  3.8324 -3.5195 13.525 14.061 13.676 13.415 13.128 23.435 16.555 13.542 13.725 13.189 13.559 13.759 13.207
    9.266176 0.6100000  3.8295 -3.5313 13.567 14.094 13.703 13.439 13.147 23.554 16.650 13.567 13.754 13.209 13.584 13.788 13.227
    9.274319 0.6100000  3.8266 -3.5430 13.609 14.128 13.730 13.461 13.166 23.672 16.747 13.592 13.783 13.229 13.609 13.817 13.247
    9.282470 0.6100000  3.8237 -3.5548 13.652 14.163 13.758 13.485 13.185 23.788 16.846 13.617 13.813 13.249 13.635 13.847 13.267
    9.290628 0.6100000  3.8208 -3.5666 13.696 14.197 13.785 13.508 13.204 23.903 16.946 13.642 13.843 13.269 13.660 13.876 13.287
    9.298787 0.6100000  3.8180 -3.5784 13.740 14.232 13.813 13.531 13.223 24.016 17.048 13.668 13.873 13.289 13.685 13.906 13.307
    9.306948 0.6100000  3.8151 -3.5902 13.785 14.267 13.841 13.554 13.242 24.129 17.152 13.693 13.903 13.310 13.711 13.936 13.327
    9.315108 0.6100000  3.8122 -3.6020 13.831 14.302 13.869 13.578 13.262 24.241 17.257 13.718 13.934 13.330 13.736 13.966 13.347
    9.323267 0.6100000  3.8093 -3.6137 13.878 14.338 13.897 13.601 13.281 24.356 17.364 13.744 13.964 13.350 13.762 13.996 13.367
    9.331425 0.6100000  3.8064 -3.6255 13.926 14.374 13.926 13.625 13.301 24.472 17.472 13.770 13.995 13.371 13.788 14.027 13.388
    9.339581 0.6100000  3.8035 -3.6373 13.975 14.411 13.954 13.649 13.320 24.587 17.582 13.796 14.027 13.391 13.815 14.057 13.408
    9.347738 0.6100000  3.8006 -3.6491 14.025 14.448 13.983 13.673 13.340 24.701 17.693 13.822 14.058 13.412 13.841 14.089 13.429
    9.355897 0.6100000  3.7978 -3.6609 14.076 14.486 14.012 13.697 13.360 24.815 17.806 13.849 14.090 13.433 13.867 14.120 13.450
    9.364062 0.6100000  3.7949 -3.6727 14.127 14.524 14.041 13.722 13.380 24.929 17.921 13.875 14.122 13.454 13.894 14.151 13.471
    9.372235 0.6100000  3.7920 -3.6845 14.180 14.562 14.070 13.746 13.400 25.043 18.038 13.902 14.154 13.475 13.921 14.183 13.491
    9.380415 0.6100000  3.7891 -3.6962 14.232 14.600 14.100 13.770 13.420 25.155 18.155 13.929 14.186 13.496 13.947 14.215 13.512
    9.388601 0.6100000  3.7862 -3.7080 14.286 14.639 14.129 13.795 13.440 25.268 18.275 13.956 14.219 13.517 13.974 14.247 13.533
    9.396811 0.6100000  3.7833 -3.7198 14.341 14.678 14.159 13.820 13.460 25.380 18.396 13.983 14.252 13.538 14.002 14.279 13.554
    9.405033 0.6100000  3.7804 -3.7315 14.396 14.717 14.188 13.844 13.480 25.492 18.518 14.010 14.284 13.559 14.029 14.312 13.575
    9.413265 0.6100000  3.7775 -3.7434 14.453 14.758 14.219 13.870 13.501 25.604 18.641 14.037 14.318 13.581 14.056 14.345 13.597
    9.421438 0.6100000  3.7746 -3.7552 14.511 14.799 14.250 13.895 13.522 25.717 18.758 14.065 14.352 13.603 14.084 14.378 13.619
    9.429605 0.6100000  3.7717 -3.7670 14.571 14.841 14.281 13.921 13.543 25.828 18.873 14.094 14.386 13.625 14.113 14.412 13.641
    9.437798 0.6100000  3.7689 -3.7787 14.630 14.882 14.312 13.947 13.564 25.938 18.988 14.122 14.421 13.648 14.141 14.446 13.664
    9.446035 0.6100000  3.7660 -3.7905 14.691 14.925 14.344 13.974 13.586 26.049 19.104 14.150 14.455 13.670 14.170 14.480 13.686
    9.454275 0.6100000  3.7631 -3.8023 14.754 14.968 14.376 14.000 13.608 26.160 19.220 14.179 14.491 13.693 14.199 14.515 13.709
    9.462494 0.6100000  3.7602 -3.8141 14.817 15.012 14.408 14.027 13.630 26.270 19.335 14.208 14.526 13.716 14.228 14.550 13.732
    9.470716 0.6100000  3.7573 -3.8258 14.880 15.056 14.440 14.054 13.652 26.380 19.451 14.237 14.562 13.739 14.257 14.585 13.755
    9.479013 0.6100000  3.7545 -3.8376 14.945 15.100 14.473 14.081 13.674 26.487 19.565 14.267 14.597 13.763 14.286 14.620 13.779
    9.488349 0.6100000  3.7520 -3.8487 15.005 15.141 14.504 14.107 13.696 26.585 19.669 14.295 14.631 13.785 14.314 14.653 13.801
    9.499539 0.6100000  3.7499 -3.8582 15.055 15.176 14.530 14.129 13.714 26.667 19.756 14.319 14.660 13.805 14.338 14.682 13.821
    9.512287 0.6100000  3.7467 -3.8714 15.130 15.227 14.567 14.160 13.740 26.786 19.883 14.352 14.701 13.832 14.372 14.722 13.847
    9.524305 0.6100000  3.7422 -3.8884 15.234 15.297 14.617 14.200 13.772 26.954 20.062 14.396 14.756 13.866 14.416 14.776 13.881
    9.531855 0.6100000  3.7398 -3.8976 15.290 15.334 14.643 14.222 13.790 27.044 20.155 14.420 14.785 13.884 14.440 14.805 13.900
    9.543124 0.6100000  3.7372 -3.9084 15.351 15.377 14.675 14.249 13.812 27.158 20.256 14.448 14.820 13.907 14.468 14.839 13.923
    9.553958 0.6100000  3.7346 -3.9197 15.416 15.423 14.709 14.276 13.835 27.279 20.361 14.478 14.856 13.931 14.498 14.875 13.947
    9.566321 0.6100000  3.7319 -3.9310 15.481 15.469 14.742 14.305 13.858 27.403 20.467 14.508 14.893 13.956 14.528 14.912 13.971
    9.578311 0.6100000  3.7285 -3.9445 15.562 15.525 14.784 14.339 13.886 27.559 20.596 14.544 14.937 13.985 14.564 14.956 14.000
    9.588831 0.6100000  3.7255 -3.9562 15.632 15.575 14.820 14.368 13.910 27.697 20.708 14.576 14.976 14.010 14.596 14.994 14.025
    9.598454 0.6100000  3.7228 -3.9672 15.698 15.621 14.854 14.396 13.933 27.826 20.811 14.606 15.013 14.034 14.626 15.031 14.050
    9.609478 0.6100000  3.7202 -3.9780 15.763 15.667 14.887 14.424 13.955 27.954 20.911 14.635 15.049 14.058 14.655 15.067 14.073
    9.620409 0.6100000  3.7178 -3.9881 15.824 15.710 14.918 14.450 13.977 28.077 21.008 14.663 15.082 14.081 14.683 15.100 14.096
    9.630900 0.6100000  3.7154 -3.9979 15.882 15.752 14.949 14.475 13.997 28.196 21.102 14.690 15.115 14.102 14.710 15.132 14.117
    9.641150 0.6100000  3.7130 -4.0080 15.943 15.796 14.980 14.501 14.019 28.322 21.202 14.717 15.149 14.125 14.737 15.166 14.140
    9.651174 0.6100000  3.7106 -4.0178 16.003 15.838 15.011 14.527 14.040 28.447 21.298 14.744 15.182 14.147 14.764 15.199 14.161
    9.660959 0.6100000  3.7082 -4.0273 16.061 15.880 15.041 14.551 14.060 28.570 21.393 14.771 15.214 14.168 14.791 15.231 14.183
    9.670509 0.6100000  3.7062 -4.0357 16.111 15.917 15.067 14.573 14.078 28.678 21.476 14.794 15.242 14.187 14.814 15.259 14.201
    9.679882 0.6100000  3.7044 -4.0433 16.157 15.950 15.091 14.593 14.095 28.777 21.550 14.815 15.268 14.204 14.835 15.284 14.219
    9.689426 0.6100000  3.7027 -4.0504 16.201 15.981 15.114 14.612 14.110 28.871 21.621 14.835 15.292 14.220 14.855 15.308 14.235
    9.697881 0.6100000  3.7011 -4.0572 16.242 16.011 15.135 14.630 14.125 28.961 21.689 14.854 15.315 14.236 14.874 15.331 14.250
    9.706122 0.6100000  3.6995 -4.0636 16.282 16.040 15.155 14.647 14.139 29.047 21.754 14.871 15.337 14.251 14.891 15.353 14.265
    9.714848 0.6100000  3.6979 -4.0703 16.323 16.070 15.177 14.664 14.153 29.149 21.823 14.890 15.360 14.266 14.910 15.376 14.280
    9.723261 0.6100000  3.6963 -4.0771 16.364 16.100 15.198 14.682 14.168 29.259 21.893 14.909 15.383 14.281 14.929 15.399 14.295
    9.730506 0.6100000  3.6947 -4.0837 16.405 16.129 15.219 14.699 14.182 29.369 21.962 14.927 15.405 14.296 14.947 15.421 14.310
    9.738470 0.6100000  3.6931 -4.0900 16.444 16.157 15.239 14.716 14.195 29.478 22.029 14.944 15.427 14.310 14.964 15.442 14.324
    9.746023 0.6100000  3.6917 -4.0962 16.482 16.184 15.259 14.732 14.209 29.586 22.094 14.961 15.448 14.324 14.982 15.463 14.338
    9.753606 0.6100000  3.6902 -4.1021 16.518 16.211 15.278 14.747 14.221 29.693 22.157 14.978 15.468 14.337 14.998 15.483 14.351
    9.760845 0.6100000  3.6890 -4.1072 16.550 16.233 15.294 14.761 14.232 29.786 22.212 14.992 15.485 14.349 15.012 15.500 14.362
    9.767804 0.6100000  3.6878 -4.1121 16.580 16.255 15.309 14.774 14.243 29.877 22.264 15.005 15.501 14.360 15.026 15.516 14.373
    9.774726 0.6100000  3.6867 -4.1169 16.609 16.276 15.325 14.786 14.253 29.967 22.316 15.018 15.517 14.371 15.039 15.532 14.384
    9.782345 0.6100000  3.6856 -4.1215 16.637 16.297 15.339 14.798 14.263 30.056 22.366 15.031 15.533 14.381 15.052 15.548 14.395
    9.789329 0.6100000  3.6845 -4.1260 16.665 16.317 15.354 14.810 14.273 30.144 22.414 15.044 15.548 14.391 15.064 15.563 14.405
    9.796030 0.6100000  3.6835 -4.1303 16.692 16.336 15.367 14.821 14.282 30.229 22.461 15.055 15.563 14.401 15.076 15.577 14.414
    9.802994 0.6100000  3.6825 -4.1345 16.718 16.355 15.381 14.832 14.291 30.314 22.507 15.067 15.577 14.411 15.088 15.591 14.424
    9.810100 0.6100000  3.6815 -4.1387 16.743 16.373 15.394 14.843 14.300 30.398 22.552 15.078 15.591 14.420 15.099 15.605 14.433
    9.816115 0.6100000  3.6806 -4.1423 16.766 16.390 15.406 14.853 14.308 30.473 22.592 15.088 15.603 14.428 15.109 15.618 14.441
    9.822987 0.6100000  3.6798 -4.1458 16.787 16.405 15.417 14.862 14.316 30.545 22.630 15.098 15.615 14.436 15.119 15.629 14.449
    9.828660 0.6100000  3.6790 -4.1492 16.808 16.420 15.428 14.871 14.323 30.617 22.668 15.107 15.626 14.444 15.128 15.641 14.457
    9.833328 0.6100000  3.6782 -4.1526 16.829 16.435 15.439 14.880 14.330 30.688 22.705 15.117 15.638 14.452 15.138 15.652 14.465
    9.838845 0.6100000  3.6774 -4.1559 16.849 16.450 15.449 14.889 14.338 30.759 22.742 15.126 15.649 14.459 15.147 15.663 14.472
    9.843460 0.6100000  3.6766 -4.1592 16.870 16.465 15.460 14.897 14.345 30.833 22.778 15.135 15.660 14.466 15.156 15.674 14.480
    9.849860 0.6100000  3.6759 -4.1625 16.890 16.479 15.470 14.906 14.352 30.926 22.813 15.144 15.671 14.474 15.165 15.685 14.487
    9.855214 0.6100000  3.6751 -4.1657 16.909 16.494 15.480 14.914 14.358 31.021 22.847 15.152 15.682 14.481 15.173 15.695 14.494
    9.860555 0.6100000  3.6743 -4.1690 16.929 16.508 15.490 14.922 14.365 31.118 22.882 15.161 15.692 14.488 15.182 15.706 14.501
    9.866658 0.6100000  3.6735 -4.1722 16.949 16.522 15.500 14.931 14.372 31.218 22.916 15.170 15.703 14.495 15.191 15.717 14.508
    9.871656 0.6100000  3.6728 -4.1754 16.969 16.536 15.510 14.939 14.379 31.318 22.950 15.178 15.713 14.502 15.199 15.727 14.515
    9.877042 0.6100000  3.6720 -4.1789 16.990 16.551 15.521 14.948 14.386 31.429 22.986 15.187 15.725 14.510 15.208 15.738 14.523
    9.882514 0.6100000  3.6706 -4.1844 17.024 16.576 15.538 14.962 14.398 31.614 23.046 15.202 15.743 14.522 15.223 15.756 14.535
    9.888285 0.6100000  3.6693 -4.1898 17.058 16.600 15.555 14.975 14.409 31.804 23.104 15.216 15.761 14.534 15.237 15.774 14.547
    9.893152 0.6100000  3.6680 -4.1953 17.092 16.624 15.572 14.989 14.420 32.001 23.163 15.231 15.779 14.546 15.252 15.792 14.559
    9.898375 0.6100000  3.6666 -4.2007 17.126 16.648 15.588 15.003 14.432 32.203 23.221 15.245 15.796 14.558 15.266 15.810 14.570
    9.903384 0.6100000  3.6653 -4.2061 17.160 16.672 15.605 15.016 14.443 32.412 23.280 15.259 15.814 14.569 15.280 15.827 14.582
    9.908337 0.6100000  3.6640 -4.2115 17.194 16.696 15.621 15.030 14.454 32.627 23.338 15.274 15.832 14.581 15.295 15.845 14.594
    9.913229 0.6100000  3.6627 -4.2168 17.227 16.720 15.638 15.043 14.465 32.844 23.395 15.287 15.849 14.593 15.308 15.862 14.605
    9.918058 0.6100000  3.6617 -4.2208 17.252 16.737 15.650 15.053 14.473 33.007 23.437 15.298 15.862 14.601 15.319 15.874 14.614
    9.922824 0.6100000  3.6608 -4.2247 17.276 16.754 15.662 15.063 14.481 33.174 23.480 15.308 15.874 14.610 15.329 15.887 14.622
    9.927502 0.6100000  3.6598 -4.2287 17.301 16.772 15.674 15.073 14.489 33.346 23.522 15.318 15.887 14.618 15.339 15.900 14.631
    9.931638 0.6100000  3.6589 -4.2327 17.326 16.790 15.686 15.083 14.497 33.520 23.564 15.329 15.900 14.627 15.350 15.912 14.639
    9.936231 0.6100000  3.6579 -4.2366 17.350 16.807 15.698 15.092 14.505 33.699 23.607 15.339 15.913 14.635 15.360 15.925 14.647
    9.940765 0.6100000  3.6569 -4.2406 17.375 16.824 15.710 15.102 14.513 33.881 23.649 15.349 15.925 14.644 15.370 15.938 14.656
    9.945244 0.6100000  3.6560 -4.2446 17.400 16.842 15.722 15.112 14.522 34.065 23.692 15.359 15.938 14.652 15.380 15.950 14.664
    9.949666 0.6100000  3.6550 -4.2486 17.425 16.860 15.734 15.122 14.530 34.255 23.734 15.370 15.951 14.661 15.391 15.963 14.673
    9.954015 0.6100000  3.6540 -4.2525 17.449 16.877 15.746 15.132 14.538 34.446 23.776 15.380 15.963 14.669 15.400 15.975 14.681
    9.957862 0.6100000  3.6531 -4.2565 17.474 16.894 15.758 15.141 14.546 34.638 23.819 15.390 15.976 14.678 15.411 15.988 14.690
    9.962133 0.6100000  3.6521 -4.2606 17.499 16.912 15.770 15.151 14.554 34.798 23.863 15.400 15.989 14.686 15.421 16.001 14.698
    9.966341 0.6100000  3.6511 -4.2647 17.523 16.929 15.782 15.161 14.562 34.959 23.908 15.410 16.001 14.695 15.431 16.013 14.706
    9.970062 0.6100000  3.6501 -4.2688 17.548 16.947 15.794 15.171 14.570 35.122 23.953 15.420 16.014 14.703 15.441 16.026 14.715
    9.974173 0.6100000  3.6491 -4.2728 17.572 16.964 15.805 15.180 14.578 35.284 23.997 15.430 16.026 14.711 15.451 16.038 14.723
    9.977819 0.6100000  3.6481 -4.2769 17.597 16.981 15.817 15.190 14.586 35.447 24.042 15.440 16.039 14.719 15.461 16.050 14.731
    9.981855 0.6100000  3.6471 -4.2811 17.621 16.999 15.829 15.199 14.594 35.611 24.088 15.450 16.051 14.728 15.471 16.063 14.740
    9.985841 0.6100000  3.6461 -4.2852 17.646 17.016 15.841 15.209 14.602 35.776 24.133 15.460 16.064 14.736 15.481 16.075 14.748
    9.989372 0.6100000  3.6451 -4.2893 17.670 17.033 15.853 15.218 14.610 35.941 24.179 15.470 16.076 14.744 15.491 16.087 14.756
    9.993278 0.6100000  3.6441 -4.2935 17.695 17.051 15.865 15.228 14.618 36.107 24.224 15.480 16.089 14.753 15.501 16.100 14.765
    9.996726 0.6100000  3.6430 -4.2977 17.720 17.068 15.877 15.238 14.626 36.278 24.271 15.490 16.101 14.761 15.511 16.112 14.773
   10.000158 0.6100000  3.6420 -4.3020 17.745 17.086 15.889 15.248 14.634 36.450 24.319 15.501 16.114 14.770 15.521 16.125 14.782
   10.003948 0.6100000  3.6409 -4.3064 17.771 17.104 15.901 15.258 14.642 36.624 24.367 15.511 16.127 14.778 15.532 16.138 14.790
   10.007304 0.6100000  3.6399 -4.3107 17.796 17.122 15.914 15.267 14.650 36.800 24.415 15.521 16.140 14.787 15.542 16.151 14.799
   10.010631 0.6100000  3.6388 -4.3151 17.822 17.141 15.926 15.277 14.659 36.979 24.465 15.532 16.153 14.795 15.552 16.163 14.807
   10.014310 0.6100000  3.6377 -4.3196 17.848 17.159 15.938 15.287 14.667 37.159 24.515 15.542 16.166 14.804 15.563 16.176 14.816
   10.017562 0.6100000  3.6366 -4.3241 17.874 17.178 15.951 15.297 14.675 37.340 24.565 15.553 16.179 14.813 15.573 16.189 14.825
   10.020783 0.6100000  3.6355 -4.3286 17.900 17.196 15.963 15.307 14.684 37.525 24.616 15.563 16.192 14.821 15.584 16.202 14.833
   10.023984 0.6100000  3.6343 -4.3332 17.927 17.215 15.976 15.318 14.692 37.711 24.667 15.574 16.205 14.830 15.594 16.215 14.842
   10.027514 0.6100000  3.6332 -4.3378 17.954 17.234 15.989 15.328 14.701 37.901 24.720 15.584 16.218 14.839 15.605 16.228 14.851
   10.030639 0.6100000  3.6320 -4.3426 17.981 17.253 16.002 15.338 14.709 38.097 24.774 15.595 16.232 14.848 15.615 16.242 14.860
   10.033748 0.6100000  3.6308 -4.3475 18.009 17.273 16.015 15.349 14.718 38.296 24.829 15.606 16.246 14.857 15.627 16.256 14.869
   10.036819 0.6100000  3.6296 -4.3524 18.037 17.293 16.029 15.359 14.727 38.496 24.884 15.617 16.259 14.867 15.637 16.270 14.878
   10.039872 0.6100000  3.6283 -4.3574 18.066 17.313 16.042 15.370 14.736 38.699 24.941 15.629 16.273 14.876 15.649 16.283 14.888
   10.042808 0.6100000  3.6271 -4.3624 18.093 17.333 16.055 15.381 14.745 38.877 24.993 15.640 16.287 14.885 15.660 16.297 14.897
   10.045808 0.6100000  3.6258 -4.3676 18.122 17.353 16.069 15.392 14.754 39.055 25.046 15.651 16.301 14.895 15.671 16.311 14.907
   10.048789 0.6100000  3.6246 -4.3727 18.150 17.373 16.082 15.402 14.763 39.231 25.098 15.662 16.315 14.904 15.682 16.325 14.916
   10.051740 0.6100000  3.6233 -4.3780 18.179 17.393 16.096 15.414 14.773 39.408 25.151 15.674 16.329 14.914 15.694 16.339 14.926
   10.054667 0.6100000  3.6219 -4.3834 18.208 17.414 16.110 15.425 14.782 39.588 25.206 15.685 16.344 14.924 15.705 16.353 14.935
   10.057577 0.6100000  3.6205 -4.3889 18.237 17.435 16.124 15.436 14.791 39.767 25.260 15.697 16.358 14.933 15.717 16.368 14.945
   10.060525 0.6100000  3.6192 -4.3945 18.267 17.456 16.138 15.447 14.801 39.944 25.315 15.709 16.373 14.943 15.729 16.382 14.955
   10.063273 0.6100000  3.6178 -4.4001 18.297 17.477 16.152 15.459 14.811 40.121 25.370 15.721 16.387 14.953 15.741 16.397 14.965
   10.066081 0.6100000  3.6164 -4.4058 18.327 17.498 16.166 15.470 14.820 40.296 25.424 15.732 16.402 14.964 15.753 16.412 14.975
   10.068592 0.6100000  3.6149 -4.4115 18.357 17.519 16.181 15.481 14.830 40.469 25.479 15.744 16.417 14.974 15.765 16.426 14.985
   10.071305 0.6100000  3.6135 -4.4173 18.387 17.541 16.195 15.493 14.840 40.641 25.534 15.756 16.431 14.984 15.776 16.441 14.996
   10.073906 0.6100000  3.6120 -4.4232 18.417 17.562 16.209 15.504 14.850 40.813 25.590 15.768 16.446 14.994 15.788 16.455 15.006
   10.076368 0.6100000  3.6106 -4.4293 18.448 17.584 16.224 15.516 14.860 40.984 25.646 15.780 16.461 15.004 15.801 16.470 15.016
   10.078900 0.6100000  3.6090 -4.4353 18.478 17.606 16.238 15.528 14.870 41.153 25.701 15.792 16.476 15.015 15.813 16.485 15.026
   10.081469 0.6100000  3.6075 -4.4415 18.509 17.628 16.253 15.540 14.880 41.320 25.757 15.805 16.491 15.025 15.825 16.500 15.037
   10.084161 0.6100000  3.6060 -4.4477 18.540 17.650 16.268 15.551 14.890 41.485 25.813 15.817 16.506 15.036 15.837 16.515 15.047
   10.086858 0.6100000  3.6044 -4.4540 18.571 17.672 16.282 15.563 14.900 41.648 25.869 15.829 16.521 15.046 15.850 16.530 15.058
   10.089553 0.6100000  3.6029 -4.4603 18.602 17.694 16.297 15.575 14.910 41.808 25.925 15.841 16.536 15.057 15.862 16.545 15.068
   10.091926 0.6100000  3.6012 -4.4669 18.634 17.717 16.312 15.587 14.921 41.970 25.983 15.854 16.552 15.068 15.875 16.561 15.079
   10.094513 0.6100000  3.5995 -4.4738 18.668 17.741 16.328 15.600 14.932 42.135 26.044 15.867 16.568 15.079 15.888 16.577 15.091
   10.096850 0.6100000  3.5978 -4.4806 18.701 17.765 16.344 15.613 14.943 42.294 26.105 15.881 16.584 15.091 15.902 16.593 15.103
   10.099334 0.6100000  3.5961 -4.4876 18.734 17.788 16.360 15.625 14.955 42.451 26.166 15.894 16.600 15.103 15.915 16.609 15.114
   10.101808 0.6100000  3.5944 -4.4945 18.767 17.812 16.375 15.638 14.966 42.604 26.226 15.907 16.616 15.115 15.928 16.625 15.126
   10.104263 0.6100000  3.5926 -4.5015 18.799 17.835 16.391 15.651 14.978 42.752 26.286 15.921 16.632 15.126 15.942 16.641 15.138
   10.106701 0.6100000  3.5909 -4.5084 18.831 17.858 16.406 15.663 14.989 42.892 26.344 15.934 16.648 15.138 15.955 16.657 15.149
   10.108973 0.6100000  3.5897 -4.5134 18.854 17.875 16.417 15.672 14.997 42.992 26.387 15.943 16.659 15.146 15.964 16.668 15.158
   10.111395 0.6100000  3.5884 -4.5186 18.878 17.892 16.429 15.681 15.006 43.092 26.431 15.953 16.671 15.155 15.974 16.679 15.166
   10.113789 0.6100000  3.5871 -4.5239 18.902 17.909 16.440 15.691 15.014 43.191 26.474 15.963 16.683 15.164 15.984 16.691 15.175
   10.116023 0.6100000  3.5858 -4.5292 18.926 17.927 16.452 15.700 15.023 43.288 26.518 15.973 16.694 15.173 15.994 16.703 15.184
   10.118397 0.6100000  3.5844 -4.5346 18.950 17.944 16.463 15.710 15.032 43.384 26.563 15.983 16.706 15.182 16.003 16.715 15.193
   10.120765 0.6100000  3.5831 -4.5402 18.975 17.962 16.475 15.719 15.041 43.479 26.608 15.993 16.719 15.191 16.014 16.727 15.202
   10.122958 0.6100000  3.5817 -4.5458 18.999 17.980 16.487 15.729 15.050 43.572 26.654 16.004 16.731 15.200 16.024 16.739 15.211
   10.125298 0.6100000  3.5803 -4.5515 19.024 17.998 16.499 15.739 15.059 43.663 26.699 16.014 16.743 15.210 16.034 16.751 15.220
   10.127475 0.6100000  3.5777 -4.5620 19.070 18.031 16.521 15.757 15.076 43.824 26.783 16.033 16.765 15.227 16.053 16.773 15.237
   10.129749 0.6100000  3.5744 -4.5749 19.125 18.070 16.547 15.778 15.096 44.005 26.884 16.056 16.792 15.248 16.076 16.800 15.258
   10.131761 0.6100000  3.5715 -4.5867 19.175 18.107 16.571 15.799 15.116 44.199 26.977 16.077 16.817 15.268 16.097 16.825 15.278
   10.133876 0.6100000  3.5685 -4.5986 19.225 18.143 16.596 15.819 15.136 44.396 27.068 16.099 16.841 15.288 16.119 16.849 15.298
   10.136001 0.6100000  3.5665 -4.6066 19.258 18.167 16.612 15.832 15.150 44.527 27.130 16.114 16.858 15.301 16.133 16.865 15.311
   10.138210 0.6100000  3.5645 -4.6146 19.291 18.190 16.628 15.846 15.163 44.654 27.190 16.128 16.874 15.315 16.148 16.882 15.325
   10.140400 0.6100000  3.5625 -4.6227 19.324 18.214 16.644 15.859 15.177 44.780 27.250 16.143 16.890 15.329 16.162 16.898 15.339
   10.142500 0.6100000  3.5605 -4.6308 19.356 18.238 16.660 15.873 15.191 44.905 27.310 16.158 16.906 15.343 16.177 16.914 15.352
   10.144669 0.6100000  3.5585 -4.6389 19.389 18.261 16.676 15.886 15.205 45.027 27.369 16.172 16.922 15.357 16.191 16.930 15.366
   10.146828 0.6100000  3.5565 -4.6470 19.421 18.284 16.691 15.899 15.219 45.148 27.428 16.187 16.938 15.370 16.205 16.945 15.380
   10.148899 0.6100000  3.5544 -4.6553 19.453 18.308 16.707 15.913 15.234 45.269 27.488 16.202 16.954 15.385 16.220 16.961 15.394
   10.150955 0.6100000  3.5524 -4.6637 19.486 18.331 16.723 15.926 15.248 45.388 27.547 16.217 16.970 15.399 16.235 16.977 15.409
   10.153005 0.6100000  3.5503 -4.6720 19.518 18.354 16.739 15.940 15.263 45.505 27.605 16.232 16.986 15.413 16.249 16.993 15.423
   10.155053 0.6100000  3.5482 -4.6804 19.549 18.377 16.755 15.953 15.278 45.620 27.663 16.247 17.001 15.428 16.264 17.008 15.438
   10.157083 0.6100000  3.5461 -4.6888 19.581 18.400 16.770 15.967 15.292 45.733 27.721 16.261 17.017 15.442 16.279 17.024 15.452
   10.159105 0.6100000  3.5440 -4.6973 19.613 18.423 16.786 15.980 15.308 45.845 27.779 16.276 17.032 15.457 16.293 17.039 15.467
   10.161123 0.6100000  3.5418 -4.7060 19.645 18.447 16.802 15.994 15.324 45.966 27.838 16.292 17.048 15.473 16.309 17.055 15.483
   10.163120 0.6100000  3.5397 -4.7147 19.678 18.470 16.818 16.008 15.341 46.085 27.897 16.308 17.064 15.489 16.325 17.071 15.499
   10.165113 0.6100000  3.5375 -4.7234 19.710 18.493 16.833 16.022 15.358 46.204 27.955 16.324 17.080 15.505 16.340 17.086 15.515
   10.167106 0.6100000  3.5353 -4.7322 19.742 18.517 16.849 16.036 15.375 46.323 28.013 16.340 17.095 15.521 16.356 17.102 15.531
   10.169072 0.6100000  3.5331 -4.7410 19.775 18.540 16.864 16.050 15.392 46.440 28.071 16.356 17.111 15.537 16.372 17.117 15.547
   10.171046 0.6100000  3.5309 -4.7499 19.807 18.563 16.880 16.064 15.410 46.557 28.129 16.372 17.126 15.554 16.388 17.133 15.564
   10.173006 0.6100000  3.5287 -4.7589 19.839 18.586 16.895 16.078 15.428 46.674 28.187 16.388 17.141 15.571 16.404 17.148 15.581
   10.174952 0.6100000  3.5264 -4.7680 19.871 18.609 16.911 16.093 15.447 46.791 28.245 16.405 17.157 15.589 16.421 17.163 15.599
   10.176898 0.6100000  3.5242 -4.7770 19.903 18.632 16.926 16.107 15.466 46.906 28.302 16.421 17.172 15.606 16.437 17.178 15.616
   10.178827 0.6100000  3.5219 -4.7861 19.935 18.655 16.941 16.121 15.485 47.020 28.359 16.438 17.187 15.624 16.453 17.194 15.634
   10.180757 0.6100000  3.5196 -4.7952 19.967 18.677 16.956 16.135 15.504 47.132 28.415 16.454 17.202 15.641 16.470 17.208 15.651
   10.182674 0.6100000  3.5173 -4.8044 19.998 18.700 16.971 16.149 15.524 47.245 28.471 16.471 17.217 15.659 16.486 17.223 15.669
   10.184573 0.6100000  3.5150 -4.8137 20.030 18.722 16.986 16.163 15.544 47.357 28.527 16.488 17.232 15.678 16.503 17.238 15.688
   10.186472 0.6100000  3.5127 -4.8231 20.061 18.745 17.001 16.178 15.565 47.468 28.583 16.505 17.247 15.697 16.520 17.253 15.707
   10.188364 0.6100000  3.5104 -4.8324 20.093 18.767 17.016 16.192 15.586 47.579 28.639 16.523 17.262 15.716 16.538 17.268 15.726
   10.190247 0.6100000  3.5080 -4.8418 20.124 18.790 17.031 16.207 15.608 47.690 28.694 16.540 17.277 15.735 16.555 17.283 15.746
   10.192121 0.6100000  3.5057 -4.8513 20.155 18.812 17.046 16.222 15.631 47.800 28.750 16.559 17.292 15.756 16.573 17.298 15.766
   10.193987 0.6100000  3.5033 -4.8609 20.186 18.835 17.061 16.238 15.654 47.910 28.806 16.577 17.307 15.776 16.592 17.313 15.787
   10.195844 0.6100000  3.5009 -4.8705 20.217 18.857 17.076 16.253 15.678 48.019 28.861 16.595 17.322 15.797 16.610 17.328 15.808
   10.197697 0.6100000  3.4985 -4.8802 20.248 18.879 17.091 16.269 15.702 48.127 28.916 16.614 17.337 15.818 16.629 17.343 15.829
   10.199536 0.6100000  3.4960 -4.8899 20.279 18.901 17.106 16.284 15.727 48.234 28.971 16.633 17.352 15.840 16.648 17.358 15.851
   10.201369 0.6100000  3.4936 -4.8997 20.310 18.924 17.121 16.300 15.753 48.340 29.026 16.652 17.367 15.862 16.667 17.373 15.873
   10.203208 0.6100000  3.4912 -4.9094 20.340 18.945 17.136 16.316 15.778 48.445 29.079 16.671 17.382 15.883 16.686 17.387 15.895
   10.205022 0.6100000  3.4887 -4.9194 20.371 18.967 17.151 16.332 15.805 48.550 29.134 16.691 17.397 15.906 16.705 17.402 15.918
   10.206835 0.6100000  3.4862 -4.9293 20.401 18.989 17.166 16.348 15.832 48.654 29.187 16.711 17.412 15.929 16.725 17.417 15.941
   10.208634 0.6100000  3.4837 -4.9393 20.431 19.011 17.181 16.364 15.860 48.757 29.240 16.731 17.426 15.952 16.745 17.432 15.965
   10.210431 0.6100000  3.4813 -4.9493 20.461 19.032 17.196 16.381 15.888 48.858 29.293 16.751 17.441 15.976 16.765 17.446 15.989
