#   log(t)      Mwd  log(Teff) log(L/Lo)  U     B      V      R     I      FUV     NUV     G2    BP2    RP2    G3     BP3    RP3 
    5.870216 0.8700000  5.0311  1.2829  6.993  8.338  8.688  8.848  9.055  6.254  6.969  8.616  8.340  8.969  8.623  8.432  8.997
    5.875687 0.8700000  5.0237  1.2478  7.024  8.368  8.717  8.878  9.084  6.288  7.001  8.646  8.370  8.998  8.653  8.462  9.026
    5.881432 0.8700000  5.0163  1.2125  7.055  8.399  8.747  8.907  9.113  6.323  7.034  8.675  8.400  9.028  8.683  8.492  9.056
    5.887456 0.8700000  5.0089  1.1772  7.086  8.429  8.776  8.936  9.142  6.356  7.066  8.705  8.430  9.056  8.713  8.522  9.084
    5.893737 0.8700000  5.0014  1.1418  7.116  8.458  8.805  8.965  9.171  6.390  7.098  8.734  8.459  9.085  8.742  8.552  9.113
    5.900243 0.8700000  4.9939  1.1064  7.146  8.488  8.834  8.994  9.199  6.424  7.130  8.763  8.488  9.113  8.771  8.581  9.141
    5.906978 0.8700000  4.9863  1.0709  7.176  8.517  8.862  9.022  9.227  6.457  7.161  8.792  8.517  9.142  8.800  8.610  9.170
    5.913888 0.8700000  4.9786  1.0355  7.206  8.546  8.890  9.050  9.254  6.490  7.192  8.820  8.546  9.169  8.828  8.638  9.197
    5.921027 0.8700000  4.9710  0.9999  7.235  8.574  8.917  9.077  9.282  6.523  7.223  8.848  8.574  9.197  8.856  8.666  9.225
    5.928332 0.8700000  4.9632  0.9644  7.264  8.602  8.944  9.104  9.309  6.556  7.254  8.875  8.602  9.223  8.883  8.694  9.251
    5.935809 0.8700000  4.9554  0.9289  7.293  8.630  8.971  9.130  9.335  6.588  7.284  8.902  8.629  9.250  8.910  8.721  9.278
    5.943498 0.8700000  4.9476  0.8935  7.321  8.657  8.997  9.156  9.361  6.619  7.314  8.928  8.656  9.276  8.936  8.748  9.304
    5.951401 0.8700000  4.9398  0.8581  7.348  8.683  9.023  9.182  9.386  6.651  7.343  8.955  8.682  9.301  8.963  8.774  9.329
    5.959564 0.8700000  4.9320  0.8227  7.376  8.710  9.049  9.207  9.411  6.682  7.372  8.981  8.709  9.327  8.989  8.801  9.354
    5.967941 0.8700000  4.9241  0.7872  7.403  8.737  9.074  9.233  9.436  6.713  7.401  9.007  8.735  9.352  9.015  8.827  9.379
    5.976545 0.8700000  4.9162  0.7518  7.430  8.763  9.100  9.258  9.461  6.744  7.430  9.033  8.761  9.377  9.041  8.853  9.404
    5.985416 0.8700000  4.9083  0.7163  7.457  8.789  9.125  9.283  9.486  6.775  7.460  9.058  8.788  9.402  9.066  8.879  9.429
    5.994475 0.8700000  4.9004  0.6809  7.484  8.815  9.150  9.309  9.511  6.806  7.489  9.084  8.814  9.427  9.092  8.905  9.454
    6.003787 0.8700000  4.8925  0.6454  7.511  8.842  9.175  9.334  9.536  6.837  7.518  9.109  8.840  9.452  9.117  8.930  9.479
    6.013319 0.8700000  4.8845  0.6099  7.538  8.867  9.200  9.358  9.560  6.868  7.547  9.134  8.865  9.476  9.142  8.956  9.504
    6.023090 0.8700000  4.8765  0.5745  7.565  8.893  9.224  9.383  9.584  6.899  7.576  9.159  8.891  9.501  9.167  8.981  9.529
    6.033111 0.8700000  4.8685  0.5391  7.592  8.919  9.249  9.407  9.608  6.930  7.604  9.184  8.916  9.525  9.192  9.007  9.553
    6.043368 0.8700000  4.8605  0.5037  7.619  8.944  9.273  9.432  9.632  6.961  7.633  9.209  8.941  9.549  9.217  9.032  9.577
    6.053885 0.8700000  4.8525  0.4682  7.646  8.970  9.298  9.456  9.656  6.992  7.661  9.234  8.967  9.573  9.242  9.057  9.601
    6.064640 0.8700000  4.8444  0.4328  7.672  8.995  9.322  9.480  9.680  7.023  7.690  9.259  8.992  9.597  9.267  9.082  9.624
    6.075655 0.8700000  4.8364  0.3974  7.698  9.020  9.346  9.504  9.703  7.053  7.718  9.283  9.017  9.621  9.291  9.107  9.648
    6.086936 0.8700000  4.8283  0.3619  7.725  9.045  9.370  9.527  9.727  7.084  7.746  9.307  9.042  9.645  9.315  9.131  9.672
    6.098450 0.8700000  4.8202  0.3266  7.750  9.070  9.394  9.550  9.750  7.114  7.774  9.331  9.066  9.668  9.339  9.156  9.695
    6.110234 0.8700000  4.8120  0.2912  7.776  9.095  9.417  9.573  9.772  7.144  7.802  9.355  9.090  9.691  9.363  9.180  9.718
    6.122300 0.8700000  4.8039  0.2558  7.802  9.119  9.440  9.597  9.795  7.175  7.830  9.378  9.115  9.714  9.387  9.204  9.741
    6.134645 0.8700000  4.7957  0.2203  7.828  9.144  9.464  9.620  9.818  7.206  7.859  9.402  9.139  9.737  9.411  9.229  9.764
    6.147246 0.8700000  4.7875  0.1849  7.854  9.169  9.486  9.643  9.841  7.236  7.887  9.426  9.163  9.760  9.435  9.253  9.787
    6.160082 0.8700000  4.7793  0.1496  7.880  9.193  9.509  9.665  9.863  7.267  7.914  9.449  9.187  9.782  9.458  9.276  9.809
    6.173264 0.8700000  4.7711  0.1142  7.906  9.217  9.532  9.688  9.886  7.297  7.942  9.472  9.211  9.805  9.481  9.300  9.832
    6.186796 0.8700000  4.7629  0.0789  7.931  9.242  9.555  9.711  9.908  7.328  7.970  9.496  9.235  9.827  9.505  9.324  9.855
    6.200732 0.8700000  4.7546  0.0436  7.957  9.266  9.578  9.733  9.930  7.359  7.999  9.519  9.259  9.849  9.528  9.348  9.877
    6.215033 0.8700000  4.7464  0.0084  7.983  9.290  9.601  9.756  9.953  7.390  8.027  9.543  9.283  9.872  9.552  9.371  9.900
    6.229781 0.8700000  4.7382 -0.0269  8.009  9.315  9.624  9.779  9.975  7.421  8.056  9.567  9.308  9.895  9.576  9.396  9.922
    6.244945 0.8700000  4.7299 -0.0621  8.036  9.340  9.647  9.802  9.997  7.453  8.085  9.590  9.332  9.917  9.599  9.420  9.945
    6.260621 0.8700000  4.7217 -0.0973  8.062  9.364  9.670  9.825 10.020  7.485  8.113  9.614  9.356  9.940  9.623  9.444  9.968
    6.276753 0.8700000  4.7135 -0.1324  8.088  9.389  9.693  9.848 10.042  7.516  8.143  9.637  9.381  9.963  9.646  9.468  9.990
    6.293432 0.8700000  4.7053 -0.1676  8.115  9.414  9.717  9.871 10.065  7.549  8.172  9.661  9.405  9.986  9.670  9.493 10.013
    6.310617 0.8700000  4.6970 -0.2027  8.142  9.439  9.740  9.894 10.088  7.581  8.202  9.685  9.430 10.009  9.694  9.518 10.036
    6.328554 0.8700000  4.6888 -0.2379  8.170  9.465  9.764  9.918 10.111  7.614  8.232  9.710  9.456 10.033  9.719  9.543 10.060
    6.346998 0.8700000  4.6806 -0.2730  8.198  9.491  9.788  9.942 10.134  7.648  8.263  9.734  9.481 10.056  9.743  9.568 10.083
    6.366202 0.8700000  4.6724 -0.3079  8.226  9.517  9.812  9.966 10.158  7.681  8.294  9.759  9.507 10.080  9.768  9.594 10.107
    6.386161 0.8700000  4.6642 -0.3430  8.255  9.544  9.837  9.990 10.182  7.716  8.326  9.784  9.533 10.104  9.794  9.620 10.131
    6.406876 0.8700000  4.6560 -0.3778  8.284  9.570  9.861 10.014 10.206  7.750  8.357  9.809  9.559 10.128  9.819  9.645 10.155
    6.428526 0.8700000  4.6478 -0.4128  8.313  9.597  9.887 10.039 10.230  7.786  8.390  9.835  9.586 10.153  9.845  9.672 10.180
    6.451108 0.8700000  4.6396 -0.4476  8.343  9.625  9.912 10.064 10.255  7.822  8.423  9.862  9.613 10.178  9.871  9.699 10.205
    6.474719 0.8700000  4.6314 -0.4824  8.374  9.653  9.938 10.090 10.280  7.858  8.457  9.888  9.640 10.203  9.898  9.726 10.230
    6.499533 0.8700000  4.6232 -0.5172  8.405  9.681  9.964 10.115 10.305  7.895  8.491  9.915  9.668 10.228  9.925  9.754 10.255
    6.525601 0.8700000  4.6150 -0.5518  8.436  9.710  9.990 10.141 10.330  7.933  8.526  9.942  9.696 10.254  9.951  9.781 10.280
    6.553276 0.8700000  4.6068 -0.5863  8.468  9.738 10.016 10.167 10.355  7.971  8.561  9.969  9.724 10.280  9.978  9.810 10.306
    6.582948 0.8700000  4.5987 -0.6206  8.501  9.768 10.043 10.194 10.382  8.010  8.597  9.998  9.753 10.306 10.006  9.839 10.332
    6.614966 0.8700000  4.5906 -0.6548  8.535  9.799 10.071 10.221 10.409  8.050  8.635 10.027  9.783 10.334 10.036  9.869 10.360
    6.649724 0.8700000  4.5826 -0.6888  8.571  9.831 10.100 10.250 10.436  8.091  8.673 10.056  9.814 10.362 10.065  9.900 10.388
    6.687644 0.8700000  4.5746 -0.7227  8.607  9.863 10.129 10.279 10.464  8.133  8.713 10.087  9.846 10.390 10.096  9.931 10.416
    6.729247 0.8700000  4.5666 -0.7566  8.644  9.897 10.159 10.309 10.493  8.177  8.754 10.118  9.879 10.419 10.127  9.963 10.446
    6.774718 0.8700000  4.5587 -0.7903  8.681  9.931 10.189 10.339 10.522  8.220  8.795 10.149  9.912 10.449 10.159  9.996 10.476
    6.824212 0.8700000  4.5507 -0.8241  8.720  9.965 10.220 10.370 10.552  8.266  8.838 10.182  9.946 10.479 10.192 10.030 10.506
    6.877586 0.8700000  4.5427 -0.8578  8.760 10.001 10.252 10.402 10.583  8.312  8.882 10.215  9.981 10.510 10.225 10.064 10.537
    6.934879 0.8700000  4.5348 -0.8914  8.805 10.040 10.286 10.436 10.616  8.362  8.931 10.251 10.019 10.544 10.261 10.101 10.571
    6.996194 0.8700000  4.5268 -0.9250  8.851 10.080 10.322 10.471 10.650  8.414  8.981 10.288 10.058 10.578 10.298 10.140 10.606
    7.061414 0.8700000  4.5188 -0.9586  8.899 10.122 10.358 10.507 10.685  8.468  9.033 10.326 10.099 10.614 10.337 10.180 10.641
    7.130073 0.8700000  4.5108 -0.9924  8.949 10.165 10.396 10.544 10.721  8.524  9.088 10.366 10.141 10.651 10.377 10.222 10.678
    7.200809 0.8700000  4.5027 -1.0263  9.001 10.210 10.436 10.583 10.758  8.583  9.144 10.407 10.185 10.689 10.418 10.265 10.716
    7.271808 0.8700000  4.4945 -1.0606  9.055 10.257 10.477 10.623 10.798  8.643  9.204 10.450 10.230 10.729 10.461 10.310 10.756
    7.341105 0.8700000  4.4863 -1.0951  9.112 10.306 10.519 10.665 10.838  8.707  9.265 10.495 10.278 10.770 10.506 10.356 10.798
    7.407537 0.8700000  4.4779 -1.1300  9.171 10.357 10.563 10.709 10.880  8.773  9.330 10.541 10.327 10.813 10.552 10.405 10.841
    7.470545 0.8700000  4.4696 -1.1650  9.228 10.405 10.605 10.750 10.919  8.840  9.394 10.585 10.374 10.853 10.596 10.451 10.880
    7.529671 0.8700000  4.4612 -1.2002  9.286 10.454 10.647 10.790 10.958  8.910  9.460 10.629 10.421 10.893 10.640 10.497 10.920
    7.584928 0.8700000  4.4527 -1.2355  9.345 10.503 10.689 10.832 10.997  8.983  9.527 10.673 10.468 10.933 10.685 10.544 10.960
    7.636671 0.8700000  4.4442 -1.2708  9.405 10.553 10.731 10.873 11.036  9.057  9.596 10.718 10.516 10.974 10.730 10.591 11.000
    7.685302 0.8700000  4.4357 -1.3062  9.466 10.604 10.775 10.915 11.076  9.133  9.667 10.763 10.565 11.014 10.775 10.639 11.041
    7.731339 0.8700000  4.4272 -1.3416  9.527 10.654 10.818 10.956 11.115  9.212  9.740 10.808 10.613 11.054 10.821 10.687 11.081
    7.774799 0.8700000  4.4186 -1.3771  9.590 10.706 10.861 10.999 11.154  9.292  9.814 10.854 10.663 11.095 10.866 10.736 11.121
    7.816116 0.8700000  4.4101 -1.4125  9.653 10.757 10.905 11.041 11.193  9.375  9.889 10.900 10.712 11.136 10.912 10.785 11.162
    7.855623 0.8700000  4.4015 -1.4480  9.718 10.810 10.949 11.083 11.233  9.459  9.966 10.946 10.762 11.176 10.959 10.834 11.203
    7.893542 0.8700000  4.3929 -1.4834  9.779 10.860 10.991 11.123 11.270  9.542 10.040 10.990 10.810 11.215 11.003 10.881 11.241
    7.930048 0.8700000  4.3843 -1.5188  9.837 10.907 11.030 11.161 11.306  9.623 10.111 11.031 10.855 11.251 11.045 10.925 11.277
    7.965293 0.8700000  4.3757 -1.5543  9.895 10.953 11.070 11.199 11.341  9.705 10.182 11.072 10.900 11.288 11.086 10.969 11.313
    7.999387 0.8700000  4.3671 -1.5897  9.953 10.999 11.108 11.236 11.375  9.787 10.253 11.113 10.943 11.323 11.126 11.012 11.349
    8.032457 0.8700000  4.3585 -1.6252 10.010 11.045 11.146 11.272 11.409  9.870 10.324 11.153 10.987 11.358 11.166 11.055 11.383
    8.064603 0.8700000  4.3499 -1.6606 10.067 11.090 11.183 11.308 11.442  9.954 10.395 11.192 11.030 11.392 11.206 11.097 11.417
    8.095899 0.8700000  4.3412 -1.6961 10.123 11.134 11.220 11.343 11.474 10.039 10.466 11.231 11.072 11.426 11.244 11.139 11.451
    8.126424 0.8700000  4.3326 -1.7316 10.179 11.178 11.257 11.378 11.506 10.124 10.536 11.269 11.114 11.459 11.283 11.180 11.484
    8.156251 0.8700000  4.3240 -1.7670 10.234 11.222 11.292 11.412 11.537 10.210 10.607 11.306 11.155 11.491 11.320 11.220 11.516
    8.185397 0.8700000  4.3153 -1.8025 10.289 11.264 11.328 11.445 11.568 10.297 10.678 11.343 11.195 11.523 11.357 11.259 11.547
    8.213940 0.8700000  4.3067 -1.8379 10.344 11.306 11.362 11.478 11.597 10.384 10.748 11.379 11.235 11.554 11.393 11.298 11.578
    8.242052 0.8700000  4.2981 -1.8734 10.399 11.349 11.397 11.511 11.627 10.472 10.819 11.415 11.276 11.585 11.430 11.338 11.609
    8.269712 0.8700000  4.2894 -1.9088 10.455 11.393 11.433 11.545 11.659 10.560 10.891 11.453 11.317 11.617 11.467 11.379 11.641
    8.296979 0.8700000  4.2808 -1.9442 10.512 11.437 11.468 11.579 11.689 10.648 10.964 11.490 11.358 11.649 11.505 11.419 11.673
    8.323898 0.8700000  4.2721 -1.9797 10.569 11.482 11.504 11.613 11.720 10.737 11.036 11.528 11.400 11.682 11.542 11.460 11.706
    8.350510 0.8700000  4.2635 -2.0151 10.626 11.526 11.539 11.646 11.751 10.827 11.109 11.565 11.441 11.713 11.580 11.500 11.737
    8.376837 0.8700000  4.2548 -2.0505 10.683 11.570 11.574 11.680 11.781 10.917 11.182 11.602 11.482 11.745 11.617 11.541 11.769
    8.402944 0.8700000  4.2462 -2.0859 10.740 11.614 11.609 11.713 11.811 11.007 11.255 11.639 11.523 11.776 11.654 11.581 11.800
    8.428845 0.8700000  4.2375 -2.1213 10.797 11.658 11.644 11.746 11.841 11.098 11.328 11.675 11.563 11.808 11.690 11.621 11.832
    8.454580 0.8700000  4.2289 -2.1567 10.854 11.702 11.679 11.779 11.871 11.190 11.401 11.712 11.604 11.839 11.727 11.661 11.863
    8.480174 0.8700000  4.2203 -2.1921 10.911 11.746 11.714 11.812 11.901 11.285 11.475 11.748 11.645 11.870 11.764 11.700 11.894
    8.505647 0.8700000  4.2116 -2.2274 10.968 11.791 11.749 11.845 11.930 11.380 11.548 11.785 11.686 11.901 11.801 11.740 11.924
    8.531019 0.8700000  4.2030 -2.2628 11.024 11.835 11.784 11.877 11.958 11.476 11.622 11.822 11.727 11.931 11.838 11.780 11.954
    8.556301 0.8700000  4.1943 -2.2982 11.081 11.881 11.819 11.910 11.987 11.575 11.697 11.859 11.768 11.962 11.875 11.821 11.985
    8.581525 0.8700000  4.1856 -2.3336 11.137 11.927 11.855 11.943 12.016 11.677 11.773 11.896 11.809 11.992 11.913 11.863 12.016
    8.606591 0.8700000  4.1770 -2.3690 11.192 11.972 11.891 11.976 12.044 11.782 11.849 11.933 11.851 12.022 11.950 11.904 12.045
    8.631521 0.8700000  4.1683 -2.4044 11.246 12.017 11.927 12.008 12.071 11.892 11.926 11.969 11.891 12.050 11.986 11.943 12.073
    8.656378 0.8700000  4.1596 -2.4398 11.297 12.061 11.962 12.039 12.097 12.006 12.003 12.004 11.931 12.078 12.021 11.982 12.101
    8.681237 0.8700000  4.1510 -2.4751 11.345 12.103 11.996 12.069 12.122 12.131 12.080 12.038 11.969 12.104 12.055 12.020 12.127
    8.706155 0.8700000  4.1423 -2.5104 11.390 12.144 12.029 12.098 12.145 12.269 12.157 12.071 12.006 12.129 12.088 12.056 12.152
    8.731165 0.8700000  4.1337 -2.5457 11.432 12.180 12.060 12.124 12.167 12.427 12.231 12.100 12.039 12.152 12.118 12.089 12.175
    8.756309 0.8700000  4.1250 -2.5810 11.471 12.215 12.090 12.149 12.187 12.611 12.303 12.129 12.071 12.174 12.146 12.121 12.197
    8.781574 0.8700000  4.1163 -2.6164 11.509 12.250 12.120 12.173 12.207 12.824 12.376 12.157 12.103 12.195 12.175 12.152 12.218
    8.806999 0.8700000  4.1077 -2.6516 11.550 12.288 12.153 12.201 12.229 13.046 12.453 12.188 12.138 12.218 12.205 12.187 12.241
    8.832710 0.8700000  4.0991 -2.6868 11.597 12.331 12.190 12.232 12.254 13.275 12.536 12.223 12.177 12.245 12.240 12.226 12.267
    8.858603 0.8700000  4.0904 -2.7221 11.647 12.377 12.231 12.266 12.281 13.513 12.624 12.261 12.220 12.274 12.278 12.268 12.296
    8.884661 0.8700000  4.0817 -2.7574 11.702 12.427 12.275 12.304 12.311 13.761 12.716 12.302 12.266 12.306 12.320 12.314 12.328
    8.910785 0.8700000  4.0731 -2.7927 11.759 12.480 12.322 12.344 12.344 14.029 12.811 12.346 12.315 12.340 12.364 12.362 12.362
    8.937144 0.8700000  4.0645 -2.8279 11.819 12.535 12.372 12.386 12.377 14.318 12.908 12.393 12.366 12.376 12.410 12.413 12.398
    8.963635 0.8700000  4.0558 -2.8632 11.881 12.593 12.425 12.431 12.414 14.631 13.008 12.441 12.420 12.415 12.458 12.467 12.437
    8.989872 0.8700000  4.0471 -2.8989 11.946 12.655 12.482 12.478 12.453 14.977 13.112 12.494 12.478 12.455 12.511 12.524 12.477
    9.015664 0.8700000  4.0384 -2.9343 12.013 12.719 12.541 12.529 12.495 15.338 13.219 12.548 12.538 12.498 12.566 12.585 12.520
    9.041421 0.8700000  4.0297 -2.9697 12.082 12.786 12.605 12.582 12.538 15.698 13.331 12.606 12.602 12.545 12.623 12.648 12.566
    9.067172 0.8700000  4.0211 -3.0050 12.153 12.856 12.671 12.639 12.584 16.064 13.446 12.667 12.668 12.594 12.684 12.714 12.615
    9.092989 0.8700000  4.0124 -3.0404 12.226 12.928 12.740 12.698 12.633 16.398 13.565 12.730 12.737 12.644 12.747 12.782 12.665
    9.118849 0.8700000  4.0037 -3.0757 12.302 13.003 12.811 12.759 12.683 16.714 13.687 12.794 12.808 12.696 12.811 12.853 12.717
    9.144310 0.8700000  3.9950 -3.1110 12.378 13.079 12.883 12.821 12.735 17.026 13.813 12.860 12.880 12.749 12.877 12.925 12.770
    9.168555 0.8700000  3.9867 -3.1445 12.451 13.152 12.952 12.880 12.783 17.323 13.934 12.923 12.948 12.800 12.940 12.993 12.821
    9.191645 0.8700000  3.9789 -3.1762 12.520 13.222 13.018 12.937 12.830 17.602 14.052 12.983 13.014 12.850 13.000 13.059 12.870
    9.213690 0.8700000  3.9714 -3.2067 12.588 13.289 13.081 12.992 12.875 17.885 14.167 13.042 13.078 12.897 13.058 13.122 12.917
    9.235465 0.8700000  3.9642 -3.2357 12.653 13.354 13.142 13.044 12.919 18.166 14.281 13.097 13.139 12.943 13.113 13.183 12.963
    9.260049 0.8700000  3.9573 -3.2636 12.717 13.416 13.200 13.094 12.961 18.443 14.392 13.150 13.198 12.987 13.167 13.242 13.007
    9.284127 0.8700000  3.9508 -3.2901 12.778 13.476 13.256 13.142 13.001 18.716 14.500 13.201 13.254 13.029 13.218 13.298 13.049
    9.309238 0.8700000  3.9444 -3.3157 12.839 13.534 13.310 13.189 13.040 18.990 14.609 13.250 13.309 13.069 13.268 13.352 13.089
    9.332756 0.8700000  3.9384 -3.3403 12.897 13.591 13.362 13.233 13.077 19.261 14.715 13.298 13.361 13.108 13.315 13.404 13.128
    9.354160 0.8700000  3.9325 -3.3641 12.955 13.646 13.412 13.277 13.114 19.531 14.820 13.344 13.412 13.146 13.361 13.455 13.166
    9.376216 0.8700000  3.9268 -3.3871 13.011 13.699 13.460 13.318 13.149 19.797 14.926 13.389 13.461 13.182 13.406 13.504 13.202
    9.396250 0.8700000  3.9213 -3.4095 13.067 13.752 13.507 13.359 13.183 20.059 15.032 13.433 13.510 13.218 13.450 13.552 13.238
    9.416041 0.8700000  3.9160 -3.4313 13.123 13.804 13.553 13.399 13.217 20.320 15.138 13.475 13.558 13.253 13.492 13.600 13.273
    9.434253 0.8700000  3.9107 -3.4524 13.177 13.854 13.598 13.437 13.249 20.577 15.243 13.516 13.604 13.287 13.533 13.646 13.306
    9.451766 0.8700000  3.9057 -3.4730 13.231 13.903 13.641 13.475 13.280 20.832 15.349 13.557 13.649 13.320 13.574 13.691 13.340
    9.468618 0.8700000  3.9007 -3.4931 13.285 13.952 13.684 13.512 13.311 21.078 15.456 13.596 13.694 13.353 13.613 13.735 13.372
    9.485262 0.8700000  3.8959 -3.5128 13.338 14.000 13.726 13.548 13.342 21.310 15.564 13.635 13.738 13.385 13.652 13.778 13.403
    9.501449 0.8700000  3.8911 -3.5319 13.391 14.047 13.766 13.583 13.371 21.536 15.672 13.673 13.781 13.415 13.690 13.821 13.434
    9.516708 0.8700000  3.8865 -3.5507 13.445 14.094 13.807 13.618 13.400 21.756 15.782 13.710 13.823 13.446 13.728 13.863 13.464
    9.531558 0.8700000  3.8820 -3.5689 13.497 14.140 13.846 13.652 13.429 21.969 15.890 13.746 13.864 13.475 13.764 13.904 13.494
    9.545686 0.8700000  3.8776 -3.5866 13.548 14.184 13.884 13.685 13.456 22.174 15.999 13.781 13.905 13.503 13.799 13.944 13.522
    9.560191 0.8700000  3.8733 -3.6039 13.600 14.228 13.921 13.717 13.483 22.370 16.108 13.816 13.944 13.531 13.834 13.983 13.550
    9.572736 0.8700000  3.8691 -3.6209 13.651 14.272 13.958 13.748 13.509 22.556 16.220 13.850 13.983 13.559 13.868 14.022 13.578
    9.584273 0.8700000  3.8651 -3.6375 13.703 14.315 13.994 13.779 13.535 22.734 16.332 13.884 14.022 13.586 13.901 14.060 13.604
    9.595048 0.8700000  3.8611 -3.6537 13.754 14.358 14.029 13.809 13.560 22.905 16.444 13.916 14.060 13.612 13.934 14.097 13.631
    9.606556 0.8700000  3.8571 -3.6697 13.805 14.400 14.064 13.839 13.584 23.070 16.558 13.949 14.097 13.638 13.966 14.134 13.656
    9.617955 0.8700000  3.8532 -3.6853 13.855 14.442 14.099 13.868 13.608 23.229 16.672 13.981 14.134 13.663 13.998 14.171 13.682
    9.629608 0.8700000  3.8495 -3.7007 13.906 14.483 14.132 13.897 13.632 23.383 16.786 14.012 14.171 13.688 14.029 14.207 13.707
    9.641059 0.8700000  3.8457 -3.7157 13.956 14.524 14.166 13.924 13.655 23.530 16.901 14.043 14.207 13.713 14.060 14.242 13.731
    9.652253 0.8700000  3.8421 -3.7304 14.007 14.565 14.198 13.952 13.678 23.677 17.017 14.073 14.242 13.737 14.090 14.277 13.755
    9.663231 0.8700000  3.8385 -3.7449 14.058 14.605 14.231 13.980 13.701 23.821 17.134 14.103 14.278 13.761 14.120 14.312 13.779
    9.673877 0.8700000  3.8350 -3.7592 14.110 14.645 14.263 14.007 13.724 23.961 17.252 14.133 14.313 13.784 14.150 14.347 13.802
    9.683678 0.8700000  3.8316 -3.7731 14.161 14.685 14.295 14.034 13.745 24.097 17.370 14.162 14.347 13.807 14.179 14.381 13.825
    9.693217 0.8700000  3.8282 -3.7869 14.213 14.725 14.327 14.060 13.767 24.230 17.489 14.191 14.382 13.830 14.208 14.415 13.848
    9.703257 0.8700000  3.8249 -3.8004 14.264 14.764 14.358 14.086 13.789 24.359 17.608 14.219 14.415 13.853 14.237 14.448 13.870
    9.713030 0.8700000  3.8216 -3.8137 14.315 14.803 14.388 14.112 13.810 24.486 17.728 14.247 14.449 13.875 14.265 14.481 13.892
    9.721442 0.8700000  3.8183 -3.8268 14.367 14.842 14.419 14.137 13.831 24.610 17.848 14.275 14.482 13.896 14.293 14.514 13.914
    9.731048 0.8700000  3.8151 -3.8398 14.419 14.881 14.449 14.163 13.851 24.732 17.969 14.303 14.515 13.918 14.321 14.547 13.936
    9.739605 0.8700000  3.8119 -3.8526 14.471 14.920 14.479 14.188 13.872 24.852 18.089 14.330 14.548 13.939 14.349 14.579 13.957
    9.748169 0.8700000  3.8088 -3.8651 14.524 14.958 14.509 14.213 13.893 24.973 18.205 14.357 14.581 13.961 14.376 14.612 13.979
    9.757307 0.8700000  3.8058 -3.8776 14.578 14.998 14.539 14.238 13.913 25.093 18.322 14.385 14.614 13.983 14.404 14.644 14.000
    9.765450 0.8700000  3.8027 -3.8898 14.632 15.036 14.569 14.263 13.933 25.211 18.437 14.412 14.647 14.004 14.431 14.677 14.021
    9.773480 0.8700000  3.7997 -3.9019 14.686 15.075 14.599 14.287 13.954 25.328 18.552 14.439 14.680 14.025 14.458 14.709 14.043
    9.781359 0.8700000  3.7968 -3.9139 14.741 15.114 14.628 14.312 13.974 25.444 18.667 14.466 14.712 14.046 14.485 14.741 14.064
    9.788950 0.8700000  3.7938 -3.9257 14.796 15.153 14.657 14.336 13.994 25.558 18.782 14.493 14.745 14.067 14.512 14.773 14.084
    9.795716 0.8700000  3.7910 -3.9374 14.851 15.192 14.687 14.360 14.013 25.670 18.896 14.519 14.777 14.088 14.539 14.805 14.105
    9.803220 0.8700000  3.7881 -3.9490 14.906 15.230 14.716 14.385 14.033 25.782 19.010 14.546 14.809 14.109 14.565 14.837 14.126
    9.810595 0.8700000  3.7853 -3.9604 14.962 15.269 14.745 14.409 14.053 25.891 19.123 14.572 14.841 14.130 14.591 14.868 14.146
    9.817725 0.8700000  3.7825 -3.9716 15.017 15.307 14.773 14.432 14.072 26.000 19.236 14.598 14.873 14.150 14.617 14.899 14.167
    9.823998 0.8700000  3.7797 -3.9828 15.073 15.346 14.802 14.456 14.091 26.107 19.349 14.624 14.905 14.171 14.643 14.931 14.187
    9.830895 0.8700000  3.7770 -3.9938 15.129 15.384 14.831 14.480 14.111 26.213 19.457 14.650 14.937 14.191 14.669 14.962 14.207
    9.836943 0.8700000  3.7743 -4.0046 15.184 15.423 14.859 14.504 14.130 26.317 19.560 14.676 14.968 14.212 14.695 14.993 14.228
    9.843654 0.8700000  3.7717 -4.0154 15.240 15.462 14.888 14.528 14.150 26.420 19.662 14.702 15.000 14.232 14.721 15.024 14.248
    9.849416 0.8700000  3.7691 -4.0259 15.294 15.500 14.916 14.551 14.169 26.521 19.762 14.728 15.031 14.253 14.747 15.055 14.268
    9.855201 0.8700000  3.7665 -4.0364 15.350 15.539 14.945 14.575 14.189 26.621 19.860 14.754 15.063 14.273 14.773 15.086 14.288
    9.861622 0.8700000  3.7639 -4.0467 15.405 15.577 14.973 14.598 14.208 26.720 19.957 14.779 15.094 14.293 14.798 15.117 14.309
    9.867138 0.8700000  3.7614 -4.0568 15.459 15.615 15.001 14.621 14.227 26.817 20.052 14.804 15.124 14.313 14.823 15.147 14.328
    9.872570 0.8700000  3.7590 -4.0668 15.514 15.653 15.029 14.644 14.246 26.912 20.145 14.829 15.155 14.333 14.848 15.177 14.348
    9.878007 0.8700000  3.7565 -4.0766 15.568 15.691 15.056 14.667 14.264 27.006 20.237 14.854 15.185 14.352 14.873 15.207 14.368
    9.884071 0.8700000  3.7542 -4.0862 15.621 15.728 15.083 14.689 14.283 27.097 20.325 14.878 15.215 14.372 14.897 15.236 14.387
    9.889259 0.8700000  3.7519 -4.0954 15.673 15.764 15.109 14.711 14.301 27.185 20.410 14.902 15.243 14.390 14.921 15.265 14.406
    9.894375 0.8700000  3.7498 -4.1042 15.723 15.798 15.135 14.732 14.318 27.268 20.491 14.925 15.271 14.408 14.944 15.292 14.424
    9.899424 0.8700000  3.7476 -4.1128 15.772 15.832 15.159 14.752 14.335 27.350 20.570 14.947 15.298 14.426 14.966 15.319 14.441
    9.904414 0.8700000  3.7453 -4.1220 15.825 15.869 15.186 14.774 14.353 27.439 20.656 14.971 15.327 14.445 14.990 15.348 14.460
    9.909329 0.8700000  3.7431 -4.1312 15.879 15.906 15.213 14.797 14.371 27.526 20.740 14.995 15.357 14.464 15.014 15.377 14.479
    9.914170 0.8700000  3.7408 -4.1403 15.932 15.943 15.239 14.819 14.389 27.613 20.824 15.019 15.386 14.483 15.038 15.406 14.498
    9.918957 0.8700000  3.7388 -4.1484 15.979 15.976 15.263 14.839 14.406 27.700 20.899 15.040 15.412 14.500 15.059 15.432 14.515
    9.923674 0.8700000  3.7369 -4.1561 16.023 16.008 15.286 14.858 14.421 27.786 20.971 15.060 15.437 14.517 15.080 15.456 14.532
    9.928323 0.8700000  3.7351 -4.1634 16.066 16.038 15.308 14.876 14.436 27.868 21.040 15.080 15.461 14.532 15.099 15.480 14.547
    9.932694 0.8700000  3.7334 -4.1704 16.106 16.066 15.329 14.893 14.450 27.948 21.106 15.098 15.483 14.547 15.118 15.502 14.562
    9.936847 0.8700000  3.7317 -4.1774 16.147 16.095 15.350 14.910 14.465 28.029 21.171 15.117 15.506 14.562 15.137 15.525 14.577
    9.941350 0.8700000  3.7299 -4.1845 16.189 16.125 15.372 14.928 14.479 28.113 21.238 15.136 15.530 14.577 15.156 15.548 14.592
    9.945761 0.8700000  3.7281 -4.1915 16.230 16.154 15.393 14.946 14.494 28.196 21.304 15.155 15.553 14.592 15.175 15.571 14.607
    9.949765 0.8700000  3.7265 -4.1983 16.270 16.183 15.414 14.963 14.508 28.277 21.368 15.173 15.575 14.607 15.193 15.593 14.622
    9.954074 0.8700000  3.7248 -4.2049 16.309 16.211 15.434 14.980 14.521 28.357 21.430 15.191 15.597 14.622 15.211 15.615 14.637
    9.957983 0.8700000  3.7234 -4.2109 16.345 16.236 15.453 14.995 14.534 28.431 21.487 15.208 15.617 14.635 15.227 15.635 14.650
    9.962182 0.8700000  3.7220 -4.2166 16.379 16.261 15.471 15.010 14.546 28.501 21.541 15.223 15.636 14.647 15.243 15.653 14.662
    9.965956 0.8700000  3.7206 -4.2221 16.411 16.284 15.488 15.024 14.558 28.569 21.593 15.238 15.654 14.660 15.258 15.672 14.675
    9.969708 0.8700000  3.7193 -4.2274 16.443 16.307 15.504 15.038 14.569 28.637 21.644 15.253 15.672 14.671 15.273 15.689 14.686
    9.973756 0.8700000  3.7180 -4.2325 16.473 16.329 15.520 15.051 14.579 28.702 21.695 15.266 15.689 14.682 15.286 15.706 14.697
    9.977410 0.8700000  3.7168 -4.2375 16.503 16.350 15.535 15.063 14.590 28.767 21.744 15.280 15.705 14.693 15.300 15.722 14.708
    9.981035 0.8700000  3.7156 -4.2424 16.532 16.371 15.550 15.076 14.600 28.831 21.793 15.293 15.722 14.704 15.313 15.738 14.719
    9.984968 0.8700000  3.7144 -4.2473 16.562 16.392 15.565 15.088 14.610 28.895 21.842 15.306 15.738 14.715 15.326 15.754 14.730
    9.988500 0.8700000  3.7132 -4.2520 16.590 16.412 15.580 15.100 14.620 28.959 21.890 15.319 15.754 14.725 15.339 15.770 14.740
    9.991999 0.8700000  3.7121 -4.2566 16.618 16.432 15.594 15.112 14.629 29.021 21.938 15.332 15.769 14.735 15.352 15.785 14.750
    9.995465 0.8700000  3.7110 -4.2611 16.645 16.452 15.608 15.123 14.639 29.082 21.984 15.344 15.784 14.745 15.364 15.800 14.760
    9.999220 0.8700000  3.7099 -4.2655 16.672 16.471 15.622 15.135 14.648 29.142 22.029 15.356 15.799 14.755 15.376 15.815 14.769
   10.002521 0.8700000  3.7088 -4.2698 16.698 16.490 15.635 15.146 14.657 29.201 22.073 15.367 15.813 14.764 15.388 15.829 14.779
   10.005870 0.8700000  3.7078 -4.2740 16.723 16.508 15.648 15.156 14.666 29.259 22.116 15.379 15.827 14.773 15.399 15.843 14.788
   10.009179 0.8700000  3.7069 -4.2780 16.747 16.525 15.660 15.166 14.674 29.315 22.158 15.390 15.840 14.782 15.410 15.856 14.797
   10.012454 0.8700000  3.7059 -4.2818 16.770 16.542 15.672 15.176 14.682 29.369 22.198 15.400 15.853 14.791 15.420 15.869 14.805
   10.015703 0.8700000  3.7050 -4.2856 16.793 16.558 15.684 15.186 14.690 29.422 22.237 15.410 15.866 14.799 15.431 15.881 14.814
   10.018922 0.8700000  3.7041 -4.2893 16.816 16.575 15.696 15.195 14.698 29.475 22.276 15.420 15.878 14.807 15.441 15.894 14.822
   10.022123 0.8700000  3.7032 -4.2930 16.838 16.591 15.707 15.205 14.706 29.527 22.315 15.431 15.890 14.816 15.451 15.906 14.830
   10.025302 0.8700000  3.7023 -4.2966 16.860 16.607 15.718 15.214 14.713 29.579 22.353 15.440 15.902 14.824 15.460 15.918 14.838
   10.028457 0.8700000  3.7014 -4.3001 16.881 16.622 15.729 15.223 14.720 29.629 22.390 15.450 15.914 14.831 15.470 15.929 14.845
   10.031575 0.8700000  3.7006 -4.3035 16.902 16.637 15.740 15.232 14.728 29.680 22.427 15.459 15.926 14.839 15.479 15.941 14.853
   10.034666 0.8700000  3.6997 -4.3070 16.924 16.652 15.751 15.241 14.735 29.729 22.463 15.469 15.937 14.847 15.489 15.952 14.861
   10.037579 0.8700000  3.6989 -4.3103 16.944 16.667 15.761 15.249 14.742 29.780 22.499 15.478 15.948 14.854 15.498 15.963 14.868
   10.040630 0.8700000  3.6981 -4.3137 16.965 16.682 15.772 15.258 14.749 29.850 22.536 15.487 15.960 14.861 15.507 15.975 14.875
   10.043656 0.8700000  3.6973 -4.3171 16.985 16.697 15.782 15.267 14.756 29.922 22.571 15.496 15.971 14.869 15.516 15.986 14.883
   10.046659 0.8700000  3.6965 -4.3204 17.006 16.711 15.793 15.275 14.763 29.994 22.607 15.505 15.982 14.876 15.525 15.997 14.890
   10.049496 0.8700000  3.6957 -4.3237 17.026 16.726 15.803 15.284 14.770 30.067 22.642 15.514 15.993 14.884 15.534 16.008 14.897
   10.052453 0.8700000  3.6949 -4.3269 17.046 16.740 15.813 15.292 14.777 30.142 22.677 15.523 16.004 14.891 15.543 16.018 14.904
   10.055257 0.8700000  3.6941 -4.3302 17.066 16.755 15.823 15.300 14.784 30.217 22.712 15.532 16.015 14.898 15.552 16.029 14.912
   10.058172 0.8700000  3.6933 -4.3334 17.086 16.769 15.833 15.309 14.790 30.293 22.747 15.540 16.025 14.905 15.560 16.040 14.919
   10.061071 0.8700000  3.6925 -4.3366 17.105 16.783 15.843 15.317 14.797 30.370 22.782 15.549 16.036 14.912 15.569 16.051 14.926
   10.063812 0.8700000  3.6917 -4.3397 17.125 16.797 15.853 15.325 14.804 30.449 22.816 15.557 16.046 14.919 15.578 16.061 14.933
   10.066540 0.8700000  3.6909 -4.3429 17.144 16.811 15.863 15.333 14.811 30.528 22.850 15.566 16.057 14.926 15.586 16.071 14.940
   10.069378 0.8700000  3.6902 -4.3460 17.164 16.825 15.873 15.341 14.817 30.610 22.885 15.575 16.067 14.933 15.595 16.082 14.946
   10.072067 0.8700000  3.6894 -4.3490 17.182 16.838 15.882 15.349 14.823 30.688 22.917 15.583 16.077 14.939 15.603 16.092 14.953
   10.074866 0.8700000  3.6887 -4.3520 17.201 16.851 15.891 15.356 14.830 30.766 22.950 15.591 16.087 14.946 15.611 16.102 14.960
   10.077519 0.8700000  3.6880 -4.3549 17.219 16.864 15.900 15.364 14.836 30.847 22.982 15.599 16.097 14.952 15.619 16.111 14.966
   10.080158 0.8700000  3.6873 -4.3579 17.238 16.877 15.910 15.371 14.842 30.929 23.015 15.607 16.107 14.959 15.627 16.121 14.973
   10.082773 0.8700000  3.6865 -4.3609 17.256 16.891 15.919 15.379 14.849 31.012 23.048 15.615 16.117 14.965 15.635 16.131 14.979
   10.085380 0.8700000  3.6858 -4.3639 17.275 16.904 15.928 15.387 14.855 31.099 23.081 15.623 16.127 14.972 15.643 16.141 14.986
   10.087974 0.8700000  3.6851 -4.3669 17.294 16.917 15.938 15.394 14.861 31.186 23.115 15.631 16.137 14.979 15.651 16.151 14.993
   10.090543 0.8700000  3.6843 -4.3700 17.313 16.931 15.948 15.402 14.868 31.277 23.149 15.640 16.147 14.986 15.660 16.161 14.999
   10.093101 0.8700000  3.6836 -4.3731 17.332 16.945 15.957 15.410 14.874 31.369 23.183 15.648 16.157 14.992 15.668 16.172 15.006
   10.095644 0.8700000  3.6828 -4.3762 17.351 16.959 15.967 15.418 14.881 31.462 23.218 15.656 16.168 14.999 15.676 16.182 15.013
   10.098171 0.8700000  3.6821 -4.3793 17.371 16.973 15.977 15.426 14.888 31.558 23.252 15.665 16.178 15.006 15.685 16.192 15.020
   10.100680 0.8700000  3.6813 -4.3824 17.390 16.987 15.986 15.434 14.894 31.657 23.288 15.673 16.188 15.013 15.693 16.202 15.027
   10.103212 0.8700000  3.6808 -4.3843 17.402 16.995 15.992 15.439 14.898 31.717 23.309 15.678 16.195 15.017 15.698 16.209 15.031
   10.105582 0.8700000  3.6804 -4.3862 17.414 17.004 15.998 15.444 14.902 31.776 23.330 15.683 16.201 15.021 15.704 16.215 15.035
   10.108074 0.8700000  3.6799 -4.3881 17.426 17.012 16.004 15.449 14.906 31.836 23.351 15.689 16.207 15.025 15.709 16.221 15.039
   10.110535 0.8700000  3.6795 -4.3900 17.438 17.020 16.010 15.454 14.910 31.898 23.372 15.694 16.213 15.030 15.714 16.227 15.043
   10.112861 0.8700000  3.6790 -4.3919 17.449 17.029 16.016 15.459 14.914 31.960 23.393 15.699 16.220 15.034 15.719 16.234 15.048
   10.115267 0.8700000  3.6785 -4.3939 17.462 17.038 16.022 15.464 14.919 32.024 23.415 15.704 16.226 15.038 15.724 16.240 15.052
   10.117623 0.8700000  3.6781 -4.3958 17.474 17.046 16.028 15.469 14.923 32.089 23.437 15.709 16.233 15.042 15.729 16.247 15.056
   10.119958 0.8700000  3.6776 -4.3978 17.486 17.055 16.035 15.474 14.927 32.155 23.459 15.715 16.239 15.047 15.735 16.253 15.061
   10.122264 0.8700000  3.6771 -4.3999 17.499 17.065 16.041 15.479 14.931 32.224 23.483 15.720 16.246 15.051 15.741 16.260 15.065
   10.124566 0.8700000  3.6766 -4.4019 17.512 17.074 16.048 15.484 14.936 32.294 23.506 15.726 16.253 15.056 15.746 16.267 15.070
   10.126963 0.8700000  3.6761 -4.4040 17.524 17.083 16.054 15.490 14.940 32.364 23.528 15.731 16.259 15.060 15.751 16.274 15.074
   10.129308 0.8700000  3.6756 -4.4061 17.537 17.092 16.060 15.495 14.944 32.436 23.551 15.737 16.266 15.065 15.757 16.280 15.079
   10.131635 0.8700000  3.6751 -4.4083 17.551 17.101 16.067 15.500 14.949 32.510 23.575 15.742 16.273 15.070 15.763 16.287 15.083
   10.133954 0.8700000  3.6745 -4.4104 17.564 17.110 16.073 15.505 14.953 32.585 23.598 15.748 16.280 15.074 15.768 16.294 15.088
   10.136169 0.8700000  3.6740 -4.4127 17.577 17.120 16.080 15.511 14.958 32.663 23.623 15.754 16.287 15.079 15.774 16.301 15.093
   10.138461 0.8700000  3.6734 -4.4149 17.591 17.130 16.087 15.517 14.962 32.743 23.647 15.760 16.294 15.084 15.780 16.308 15.097
   10.140743 0.8700000  3.6729 -4.4172 17.605 17.140 16.094 15.522 14.967 32.825 23.672 15.766 16.302 15.088 15.786 16.316 15.102
   10.142912 0.8700000  3.6723 -4.4196 17.620 17.150 16.101 15.528 14.972 32.911 23.698 15.772 16.309 15.094 15.792 16.323 15.107
   10.144762 0.8700000  3.6627 -4.4579 17.855 17.317 16.215 15.620 15.047 34.438 24.124 15.869 16.431 15.173 15.889 16.443 15.186
   10.146489 0.8700000  3.6619 -4.4611 17.875 17.331 16.224 15.628 15.054 34.576 24.160 15.877 16.441 15.180 15.897 16.453 15.193
   10.148638 0.8700000  3.6609 -4.4654 17.901 17.349 16.237 15.638 15.062 34.761 24.207 15.887 16.454 15.189 15.907 16.466 15.202
   10.150773 0.8700000  3.6598 -4.4698 17.927 17.368 16.250 15.649 15.070 34.953 24.256 15.898 16.468 15.198 15.918 16.480 15.210
   10.152893 0.8700000  3.6587 -4.4743 17.955 17.387 16.263 15.659 15.079 35.150 24.305 15.909 16.481 15.207 15.929 16.493 15.220
   10.155011 0.8700000  3.6575 -4.4788 17.982 17.407 16.276 15.670 15.088 35.354 24.355 15.920 16.495 15.216 15.940 16.507 15.229
   10.157113 0.8700000  3.6564 -4.4834 18.010 17.426 16.289 15.680 15.097 35.564 24.406 15.931 16.509 15.225 15.951 16.521 15.238
   10.159200 0.8700000  3.6552 -4.4881 18.038 17.446 16.303 15.691 15.106 35.781 24.457 15.943 16.524 15.235 15.963 16.535 15.247
   10.161293 0.8700000  3.6540 -4.4929 18.067 17.467 16.316 15.702 15.115 36.006 24.510 15.954 16.538 15.245 15.974 16.550 15.257
   10.163360 0.8700000  3.6528 -4.4978 18.096 17.487 16.330 15.714 15.124 36.230 24.563 15.966 16.553 15.254 15.986 16.564 15.266
   10.165425 0.8700000  3.6516 -4.5029 18.126 17.508 16.345 15.725 15.134 36.442 24.618 15.978 16.568 15.264 15.998 16.579 15.276
   10.167477 0.8700000  3.6503 -4.5081 18.157 17.530 16.359 15.737 15.143 36.659 24.673 15.991 16.584 15.275 16.011 16.594 15.286
   10.169506 0.8700000  3.6490 -4.5133 18.187 17.552 16.374 15.749 15.153 36.880 24.729 16.003 16.599 15.285 16.023 16.610 15.297
   10.171548 0.8700000  3.6477 -4.5187 18.218 17.574 16.389 15.761 15.163 37.105 24.786 16.015 16.615 15.295 16.035 16.625 15.307
   10.173563 0.8700000  3.6463 -4.5242 18.250 17.596 16.404 15.773 15.173 37.337 24.844 16.028 16.631 15.306 16.048 16.641 15.318
   10.175588 0.8700000  3.6449 -4.5299 18.283 17.620 16.420 15.786 15.184 37.577 24.904 16.041 16.647 15.317 16.061 16.657 15.328
   10.177590 0.8700000  3.6434 -4.5357 18.317 17.643 16.436 15.798 15.194 37.823 24.965 16.055 16.664 15.328 16.075 16.674 15.339
   10.179586 0.8700000  3.6419 -4.5419 18.352 17.668 16.452 15.812 15.206 38.081 25.029 16.069 16.681 15.340 16.089 16.691 15.351
   10.181572 0.8700000  3.6404 -4.5481 18.387 17.693 16.469 15.825 15.217 38.347 25.095 16.083 16.699 15.351 16.103 16.709 15.363
   10.183551 0.8700000  3.6387 -4.5546 18.424 17.719 16.487 15.839 15.229 38.621 25.161 16.098 16.717 15.363 16.118 16.727 15.375
   10.185522 0.8700000  3.6371 -4.5612 18.461 17.745 16.504 15.853 15.240 38.902 25.230 16.112 16.735 15.376 16.132 16.745 15.387
   10.187482 0.8700000  3.6354 -4.5679 18.499 17.772 16.522 15.868 15.252 39.191 25.299 16.127 16.754 15.388 16.147 16.764 15.400
   10.189432 0.8700000  3.6337 -4.5749 18.538 17.800 16.540 15.882 15.265 39.487 25.370 16.143 16.773 15.401 16.163 16.783 15.413
   10.191378 0.8700000  3.6319 -4.5821 18.578 17.828 16.559 15.897 15.277 39.798 25.444 16.158 16.792 15.414 16.178 16.802 15.426
   10.193312 0.8700000  3.6301 -4.5896 18.619 17.857 16.579 15.913 15.290 40.118 25.519 16.175 16.813 15.427 16.195 16.823 15.439
   10.195236 0.8700000  3.6282 -4.5972 18.661 17.887 16.598 15.928 15.304 40.437 25.596 16.191 16.833 15.441 16.211 16.843 15.453
   10.197156 0.8700000  3.6262 -4.6050 18.702 17.916 16.618 15.944 15.317 40.679 25.672 16.207 16.853 15.455 16.228 16.863 15.467
   10.199063 0.8700000  3.6242 -4.6130 18.745 17.946 16.638 15.960 15.331 40.915 25.749 16.224 16.874 15.469 16.244 16.884 15.481
   10.200961 0.8700000  3.6222 -4.6212 18.788 17.977 16.659 15.977 15.345 41.142 25.827 16.242 16.895 15.484 16.262 16.905 15.496
   10.202854 0.8700000  3.6201 -4.6297 18.832 18.008 16.680 15.994 15.359 41.362 25.907 16.259 16.917 15.499 16.279 16.927 15.511
   10.204734 0.8700000  3.6179 -4.6383 18.876 18.040 16.701 16.011 15.374 41.571 25.987 16.277 16.939 15.514 16.297 16.948 15.526
   10.206614 0.8700000  3.6157 -4.6472 18.921 18.072 16.722 16.028 15.389 41.770 26.069 16.295 16.961 15.529 16.315 16.970 15.541
   10.208484 0.8700000  3.6135 -4.6563 18.966 18.104 16.744 16.045 15.404 41.956 26.152 16.313 16.983 15.545 16.333 16.993 15.557
   10.210343 0.8700000  3.6111 -4.6660 19.014 18.139 16.767 16.064 15.420 42.137 26.239 16.332 17.007 15.562 16.352 17.016 15.573
   10.212199 0.8700000  3.6085 -4.6761 19.064 18.174 16.790 16.082 15.436 42.304 26.329 16.352 17.031 15.579 16.372 17.040 15.590
   10.214036 0.8700000  3.6060 -4.6864 19.113 18.210 16.814 16.101 15.453 42.453 26.419 16.372 17.055 15.596 16.392 17.064 15.607
   10.215873 0.8700000  3.6033 -4.6970 19.164 18.246 16.838 16.121 15.470 42.582 26.510 16.392 17.079 15.614 16.412 17.089 15.625
   10.217703 0.8700000  3.6006 -4.7078 19.214 18.283 16.863 16.140 15.487 42.744 26.602 16.413 17.104 15.632 16.433 17.113 15.643
   10.219519 0.8700000  3.5979 -4.7187 19.265 18.319 16.887 16.160 15.505 42.949 26.694 16.434 17.130 15.650 16.454 17.138 15.661
   10.221333 0.8700000  3.5951 -4.7299 19.317 18.357 16.912 16.181 15.524 43.155 26.788 16.456 17.155 15.670 16.476 17.164 15.680
   10.223141 0.8700000  3.5923 -4.7413 19.368 18.394 16.937 16.201 15.543 43.360 26.882 16.477 17.181 15.689 16.497 17.189 15.700
   10.224939 0.8700000  3.5893 -4.7532 19.421 18.433 16.963 16.222 15.563 43.570 26.978 16.500 17.207 15.709 16.520 17.216 15.720
   10.226730 0.8700000  3.5862 -4.7656 19.475 18.473 16.990 16.244 15.583 43.782 27.076 16.523 17.234 15.730 16.543 17.243 15.741
   10.228517 0.8700000  3.5831 -4.7783 19.530 18.513 17.017 16.266 15.604 43.994 27.176 16.547 17.261 15.752 16.566 17.270 15.762
   10.230295 0.8700000  3.5798 -4.7914 19.586 18.554 17.044 16.289 15.626 44.207 27.276 16.571 17.289 15.774 16.590 17.297 15.785
   10.232063 0.8700000  3.5762 -4.8057 19.645 18.597 17.073 16.313 15.650 44.433 27.384 16.597 17.319 15.798 16.616 17.327 15.809
   10.233824 0.8700000  3.5726 -4.8204 19.705 18.642 17.103 16.338 15.675 44.661 27.493 16.624 17.349 15.823 16.643 17.357 15.834
   10.235582 0.8700000  3.5688 -4.8355 19.767 18.687 17.133 16.364 15.702 44.897 27.605 16.652 17.380 15.849 16.670 17.388 15.860
   10.237324 0.8700000  3.5648 -4.8514 19.831 18.733 17.165 16.390 15.730 45.139 27.720 16.681 17.411 15.877 16.699 17.419 15.888
   10.239064 0.8700000  3.5608 -4.8677 19.895 18.779 17.196 16.417 15.759 45.381 27.837 16.710 17.443 15.906 16.729 17.451 15.916
   10.240798 0.8700000  3.5566 -4.8844 19.960 18.826 17.227 16.444 15.789 45.623 27.954 16.741 17.475 15.935 16.759 17.482 15.946
   10.242528 0.8700000  3.5524 -4.9013 20.024 18.872 17.259 16.472 15.820 45.862 28.070 16.771 17.506 15.965 16.789 17.514 15.976
   10.244245 0.8700000  3.5480 -4.9187 20.089 18.918 17.290 16.499 15.853 46.101 28.187 16.802 17.538 15.996 16.820 17.545 16.007
   10.245959 0.8700000  3.5436 -4.9366 20.154 18.965 17.322 16.528 15.887 46.340 28.305 16.834 17.570 16.029 16.851 17.577 16.039
   10.247667 0.8700000  3.5389 -4.9554 20.222 19.014 17.355 16.558 15.925 46.589 28.428 16.869 17.603 16.065 16.886 17.610 16.075
   10.249369 0.8700000  3.5341 -4.9746 20.290 19.064 17.389 16.589 15.966 46.838 28.551 16.905 17.637 16.102 16.921 17.643 16.112
   10.251055 0.8700000  3.5291 -4.9945 20.359 19.114 17.423 16.621 16.009 47.088 28.676 16.942 17.670 16.142 16.958 17.677 16.152
   10.252740 0.8700000  3.5240 -5.0150 20.429 19.164 17.457 16.653 16.055 47.339 28.802 16.981 17.705 16.183 16.996 17.711 16.194
   10.254422 0.8700000  3.5187 -5.0361 20.499 19.215 17.492 16.687 16.103 47.588 28.928 17.020 17.739 16.227 17.036 17.746 16.237
   10.256098 0.8700000  3.5133 -5.0579 20.569 19.267 17.527 16.721 16.155 47.838 29.056 17.062 17.773 16.273 17.077 17.780 16.284
   10.257760 0.8700000  3.5077 -5.0802 20.641 19.319 17.562 16.757 16.210 48.089 29.184 17.105 17.809 16.322 17.120 17.815 16.333
   10.259427 0.8700000  3.5019 -5.1034 20.713 19.372 17.598 16.795 16.271 48.344 29.312 17.151 17.845 16.374 17.165 17.852 16.385
   10.261081 0.8700000  3.4960 -5.1272 20.787 19.425 17.634 16.834 16.335 48.600 29.441 17.198 17.881 16.428 17.213 17.888 16.440
   10.262729 0.8700000  3.4899 -5.1518 20.860 19.478 17.671 16.875 16.404 48.853 29.569 17.248 17.918 16.486 17.262 17.925 16.499
