#   log(t)      Mwd  log(Teff) log(L/Lo)  U     B      V      R     I      FUV     NUV     G2    BP2    RP2    G3     BP3    RP3 
    6.016026 0.7700000  4.9958  1.3018  6.663  8.004  8.350  8.510  8.715  5.941  6.647  8.279  8.004  8.630  8.287  8.097  8.658
    6.021485 0.7700000  4.9889  1.2667  6.698  8.039  8.384  8.543  8.748  5.979  6.683  8.313  8.038  8.663  8.321  8.131  8.691
    6.027297 0.7700000  4.9820  1.2315  6.733  8.072  8.417  8.576  8.781  6.017  6.719  8.346  8.072  8.696  8.354  8.165  8.724
    6.033393 0.7700000  4.9750  1.1962  6.767  8.106  8.450  8.609  8.813  6.055  6.755  8.379  8.106  8.729  8.387  8.198  8.757
    6.039748 0.7700000  4.9680  1.1608  6.801  8.139  8.482  8.642  8.846  6.092  6.791  8.412  8.139  8.761  8.420  8.231  8.789
    6.046309 0.7700000  4.9608  1.1253  6.835  8.172  8.515  8.674  8.878  6.129  6.826  8.444  8.172  8.793  8.453  8.264  8.821
    6.053053 0.7700000  4.9536  1.0898  6.869  8.205  8.547  8.706  8.909  6.166  6.861  8.477  8.205  8.824  8.485  8.297  8.852
    6.059987 0.7700000  4.9464  1.0542  6.902  8.237  8.578  8.737  8.941  6.203  6.896  8.508  8.237  8.856  8.516  8.329  8.884
    6.066970 0.7700000  4.9390  1.0187  6.934  8.268  8.608  8.767  8.971  6.238  6.930  8.540  8.268  8.886  8.548  8.360  8.914
    6.074254 0.7700000  4.9317  0.9832  6.966  8.299  8.638  8.797  9.000  6.274  6.963  8.570  8.298  8.915  8.578  8.390  8.943
    6.081636 0.7700000  4.9242  0.9476  6.997  8.329  8.668  8.826  9.029  6.308  6.996  8.600  8.328  8.945  8.608  8.420  8.972
    6.089172 0.7700000  4.9166  0.9120  7.027  8.359  8.696  8.855  9.058  6.342  7.029  8.629  8.358  8.973  8.637  8.449  9.001
    6.096880 0.7700000  4.9091  0.8766  7.057  8.388  8.725  8.883  9.085  6.376  7.060  8.658  8.387  9.002  8.666  8.478  9.029
    6.104811 0.7700000  4.9015  0.8411  7.087  8.417  8.753  8.911  9.113  6.410  7.092  8.686  8.416  9.030  8.694  8.507  9.057
    6.112926 0.7700000  4.8939  0.8056  7.117  8.446  8.781  8.939  9.141  6.443  7.124  8.714  8.445  9.057  8.722  8.536  9.085
    6.121253 0.7700000  4.8863  0.7700  7.147  8.475  8.809  8.967  9.168  6.477  7.156  8.743  8.474  9.085  8.751  8.564  9.112
    6.129723 0.7700000  4.8786  0.7346  7.177  8.504  8.836  8.994  9.195  6.511  7.187  8.770  8.502  9.112  8.778  8.592  9.139
    6.138432 0.7700000  4.8709  0.6992  7.206  8.532  8.863  9.021  9.222  6.544  7.218  8.798  8.530  9.138  8.806  8.620  9.166
    6.147371 0.7700000  4.8632  0.6636  7.236  8.560  8.891  9.049  9.249  6.578  7.249  8.825  8.558  9.165  8.833  8.648  9.193
    6.156473 0.7700000  4.8555  0.6282  7.265  8.588  8.918  9.075  9.275  6.611  7.280  8.853  8.586  9.192  8.861  8.676  9.220
    6.165815 0.7700000  4.8477  0.5927  7.294  8.616  8.945  9.102  9.302  6.644  7.311  8.880  8.613  9.219  8.888  8.703  9.246
    6.175334 0.7700000  4.8399  0.5572  7.322  8.643  8.971  9.128  9.328  6.677  7.342  8.907  8.641  9.245  8.915  8.731  9.272
    6.185091 0.7700000  4.8321  0.5218  7.351  8.670  8.997  9.154  9.354  6.709  7.372  8.933  8.668  9.271  8.941  8.758  9.298
    6.195077 0.7700000  4.8243  0.4863  7.379  8.698  9.024  9.180  9.379  6.742  7.403  8.960  8.695  9.297  8.968  8.785  9.324
    6.205297 0.7700000  4.8164  0.4509  7.407  8.725  9.049  9.205  9.404  6.774  7.433  8.986  8.721  9.323  8.994  8.811  9.349
    6.215743 0.7700000  4.8085  0.4154  7.435  8.752  9.075  9.231  9.430  6.807  7.463  9.012  8.748  9.348  9.021  8.838  9.375
    6.226431 0.7700000  4.8006  0.3800  7.463  8.779  9.100  9.256  9.455  6.840  7.493  9.038  8.774  9.373  9.047  8.864  9.400
    6.237360 0.7700000  4.7927  0.3446  7.492  8.806  9.126  9.281  9.480  6.872  7.523  9.063  8.801  9.398  9.072  8.890  9.426
    6.248521 0.7700000  4.7847  0.3091  7.520  8.832  9.151  9.307  9.505  6.905  7.554  9.089  8.827  9.423  9.098  8.917  9.451
    6.259898 0.7700000  4.7768  0.2737  7.548  8.859  9.176  9.332  9.530  6.938  7.584  9.115  8.854  9.448  9.124  8.943  9.476
    6.271518 0.7700000  4.7688  0.2382  7.576  8.885  9.201  9.357  9.554  6.971  7.614  9.141  8.880  9.473  9.150  8.969  9.501
    6.283354 0.7700000  4.7608  0.2027  7.604  8.912  9.227  9.382  9.579  7.004  7.644  9.167  8.906  9.498  9.176  8.995  9.525
    6.295427 0.7700000  4.7527  0.1673  7.632  8.938  9.252  9.407  9.603  7.036  7.674  9.192  8.932  9.522  9.201  9.021  9.550
    6.307695 0.7700000  4.7446  0.1318  7.659  8.964  9.276  9.431  9.627  7.069  7.705  9.217  8.958  9.546  9.226  9.046  9.574
    6.320216 0.7700000  4.7365  0.0965  7.687  8.990  9.301  9.455  9.651  7.101  7.735  9.242  8.984  9.571  9.251  9.071  9.598
    6.333076 0.7700000  4.7284  0.0612  7.715  9.016  9.325  9.480  9.675  7.134  7.765  9.267  9.009  9.595  9.276  9.097  9.622
    6.346259 0.7700000  4.7203  0.0258  7.743  9.043  9.350  9.504  9.699  7.168  7.795  9.293  9.035  9.619  9.302  9.123  9.647
    6.359833 0.7700000  4.7122 -0.0095  7.771  9.069  9.375  9.529  9.723  7.201  7.826  9.318  9.061  9.644  9.327  9.149  9.671
    6.373721 0.7700000  4.7040 -0.0448  7.799  9.095  9.399  9.553  9.747  7.234  7.857  9.343  9.087  9.668  9.352  9.175  9.695
    6.388018 0.7700000  4.6959 -0.0801  7.827  9.122  9.424  9.578  9.771  7.268  7.888  9.368  9.113  9.693  9.377  9.201  9.720
    6.402648 0.7700000  4.6878 -0.1154  7.856  9.149  9.449  9.603  9.796  7.303  7.919  9.394  9.140  9.717  9.403  9.227  9.744
    6.417719 0.7700000  4.6797 -0.1506  7.885  9.176  9.475  9.628  9.820  7.337  7.951  9.420  9.167  9.742  9.429  9.254  9.769
    6.433181 0.7700000  4.6715 -0.1859  7.915  9.203  9.500  9.653  9.845  7.372  7.984  9.446  9.194  9.768  9.455  9.281  9.795
    6.449117 0.7700000  4.6634 -0.2211  7.945  9.231  9.526  9.679  9.871  7.408  8.017  9.472  9.221  9.793  9.482  9.308  9.820
    6.465481 0.7700000  4.6553 -0.2562  7.975  9.259  9.552  9.704  9.896  7.443  8.050  9.499  9.248  9.818  9.508  9.335  9.845
    6.482523 0.7700000  4.6472 -0.2914  8.006  9.287  9.578  9.730  9.922  7.480  8.084  9.526  9.277  9.844  9.536  9.363  9.871
    6.500072 0.7700000  4.6391 -0.3266  8.038  9.316  9.605  9.757  9.948  7.518  8.118  9.554  9.305  9.871  9.564  9.391  9.898
    6.518162 0.7700000  4.6310 -0.3615  8.069  9.346  9.632  9.784  9.974  7.555  8.153  9.582  9.334  9.897  9.591  9.420  9.924
    6.536998 0.7700000  4.6228 -0.3967  8.102  9.376  9.660  9.811 10.001  7.594  8.189  9.610  9.363  9.924  9.620  9.449  9.951
    6.556340 0.7700000  4.6147 -0.4317  8.135  9.406  9.688  9.838 10.028  7.633  8.225  9.639  9.393  9.951  9.648  9.478  9.978
    6.576568 0.7700000  4.6066 -0.4667  8.168  9.436  9.716  9.866 10.055  7.673  8.262  9.668  9.422  9.979  9.677  9.508 10.005
    6.597538 0.7700000  4.5985 -0.5016  8.203  9.467  9.744  9.894 10.082  7.714  8.300  9.698  9.453 10.007  9.707  9.538 10.033
    6.619442 0.7700000  4.5903 -0.5366  8.239  9.500  9.774  9.924 10.111  7.756  8.339  9.728  9.485 10.036  9.737  9.570 10.062
    6.642189 0.7700000  4.5821 -0.5715  8.276  9.533  9.804  9.954 10.140  7.799  8.380  9.760  9.518 10.065  9.769  9.602 10.092
    6.666030 0.7700000  4.5740 -0.6062  8.313  9.567  9.835  9.984 10.169  7.843  8.421  9.791  9.551 10.095  9.800  9.635 10.122
    6.691211 0.7700000  4.5659 -0.6408  8.352  9.601  9.866 10.015 10.200  7.888  8.464  9.824  9.585 10.125  9.833  9.669 10.152
    6.717913 0.7700000  4.5578 -0.6753  8.391  9.637  9.898 10.047 10.230  7.934  8.507  9.857  9.619 10.157  9.866  9.703 10.183
    6.746483 0.7700000  4.5498 -0.7097  8.432  9.673  9.930 10.079 10.261  7.980  8.551  9.890  9.655 10.188  9.900  9.738 10.215
    6.777194 0.7700000  4.5417 -0.7440  8.474  9.710  9.964 10.112 10.294  8.029  8.598  9.925  9.692 10.221  9.935  9.774 10.248
    6.810184 0.7700000  4.5337 -0.7783  8.520  9.751 10.000 10.148 10.329  8.081  8.648  9.963  9.731 10.256  9.973  9.814 10.284
    6.845679 0.7700000  4.5258 -0.8125  8.569  9.793 10.037 10.185 10.365  8.136  8.701 10.002  9.773 10.293 10.012  9.854 10.320
    6.883811 0.7700000  4.5178 -0.8466  8.618  9.836 10.076 10.223 10.401  8.192  8.755 10.042  9.815 10.330 10.052  9.896 10.357
    6.924532 0.7700000  4.5098 -0.8808  8.670  9.881 10.115 10.262 10.439  8.250  8.812 10.084  9.859 10.369 10.094  9.939 10.396
    6.967623 0.7700000  4.5017 -0.9150  8.724  9.928 10.156 10.303 10.478  8.310  8.870 10.126  9.904 10.409 10.137  9.984 10.436
    7.013077 0.7700000  4.4937 -0.9492  8.780  9.975 10.198 10.344 10.519  8.372  8.930 10.170  9.950 10.450 10.181 10.030 10.477
    7.061081 0.7700000  4.4857 -0.9833  8.837 10.024 10.241 10.386 10.560  8.436  8.993 10.215  9.998 10.491 10.226 10.077 10.519
    7.111669 0.7700000  4.4776 -1.0173  8.896 10.075 10.285 10.430 10.602  8.501  9.057 10.262 10.047 10.534 10.273 10.125 10.561
    7.164895 0.7700000  4.4696 -1.0513  8.952 10.122 10.326 10.470 10.640  8.567  9.120 10.305 10.093 10.573 10.316 10.170 10.601
    7.220524 0.7700000  4.4615 -1.0853  9.008 10.169 10.367 10.510 10.678  8.635  9.184 10.347 10.139 10.612 10.359 10.215 10.639
    7.278086 0.7700000  4.4534 -1.1195  9.065 10.217 10.408 10.550 10.717  8.706  9.250 10.391 10.185 10.652 10.402 10.261 10.679
    7.336659 0.7700000  4.4453 -1.1539  9.124 10.266 10.450 10.591 10.755  8.779  9.317 10.434 10.232 10.691 10.446 10.307 10.718
    7.395127 0.7700000  4.4371 -1.1884  9.183 10.315 10.493 10.632 10.794  8.853  9.386 10.479 10.279 10.731 10.491 10.354 10.758
    7.452818 0.7700000  4.4288 -1.2231  9.244 10.365 10.535 10.674 10.833  8.930  9.458 10.523 10.328 10.771 10.536 10.401 10.798
    7.508847 0.7700000  4.4205 -1.2581  9.306 10.416 10.579 10.716 10.873  9.010  9.531 10.569 10.377 10.812 10.581 10.450 10.839
    7.562695 0.7700000  4.4122 -1.2931  9.369 10.467 10.623 10.758 10.912  9.092  9.605 10.615 10.426 10.853 10.627 10.498 10.879
    7.614227 0.7700000  4.4038 -1.3283  9.433 10.520 10.667 10.801 10.952  9.176  9.682 10.661 10.476 10.894 10.674 10.548 10.920
    7.663469 0.7700000  4.3954 -1.3634  9.495 10.570 10.710 10.842 10.991  9.259  9.757 10.706 10.525 10.934 10.719 10.596 10.960
    7.710692 0.7700000  4.3870 -1.3987  9.554 10.618 10.751 10.881 11.027  9.340  9.828 10.748 10.571 10.971 10.761 10.641 10.997
    7.755719 0.7700000  4.3785 -1.4340  9.612 10.665 10.790 10.919 11.063  9.422  9.899 10.790 10.615 11.008 10.803 10.685 11.034
    7.798771 0.7700000  4.3700 -1.4694  9.670 10.711 10.829 10.957 11.098  9.504  9.971 10.831 10.660 11.044 10.844 10.729 11.070
    7.840033 0.7700000  4.3615 -1.5047  9.728 10.757 10.868 10.994 11.132  9.587 10.041 10.871 10.704 11.079 10.884 10.772 11.105
    7.879666 0.7700000  4.3530 -1.5401  9.785 10.802 10.906 11.030 11.165  9.670 10.113 10.910 10.747 11.114 10.924 10.814 11.139
    7.917823 0.7700000  4.3445 -1.5755  9.842 10.847 10.943 11.066 11.199  9.755 10.184 10.950 10.790 11.148 10.964 10.856 11.174
    7.954603 0.7700000  4.3359 -1.6110  9.898 10.891 10.981 11.101 11.231  9.840 10.255 10.988 10.832 11.182 11.002 10.898 11.207
    7.989961 0.7700000  4.3273 -1.6464  9.954 10.935 11.017 11.136 11.263  9.926 10.326 11.026 10.874 11.215 11.040 10.938 11.240
    8.024193 0.7700000  4.3188 -1.6819 10.009 10.978 11.053 11.170 11.294 10.012 10.397 11.064 10.915 11.247 11.078 10.979 11.272
    8.057378 0.7700000  4.3102 -1.7173 10.064 11.020 11.088 11.203 11.325 10.100 10.467 11.100 10.955 11.279 11.115 11.018 11.304
    8.089602 0.7700000  4.3016 -1.7528 10.119 11.063 11.122 11.236 11.355 10.188 10.538 11.137 10.995 11.310 11.151 11.057 11.335
    8.120931 0.7700000  4.2930 -1.7883 10.176 11.107 11.159 11.271 11.386 10.275 10.611 11.175 11.037 11.343 11.189 11.098 11.367
    8.151431 0.7700000  4.2844 -1.8238 10.233 11.151 11.195 11.305 11.418 10.364 10.683 11.213 11.079 11.376 11.227 11.139 11.400
    8.181130 0.7700000  4.2758 -1.8593 10.290 11.195 11.231 11.339 11.449 10.453 10.756 11.250 11.120 11.408 11.265 11.180 11.432
    8.210147 0.7700000  4.2672 -1.8947 10.348 11.239 11.266 11.373 11.480 10.542 10.829 11.288 11.162 11.440 11.302 11.221 11.465
    8.238587 0.7700000  4.2585 -1.9302 10.405 11.284 11.302 11.407 11.511 10.632 10.902 11.325 11.203 11.473 11.340 11.261 11.497
    8.266503 0.7700000  4.2499 -1.9656 10.462 11.327 11.337 11.440 11.541 10.722 10.976 11.362 11.244 11.504 11.377 11.301 11.528
    8.293947 0.7700000  4.2413 -2.0011 10.520 11.372 11.372 11.474 11.572 10.813 11.049 11.399 11.285 11.536 11.414 11.342 11.560
    8.320965 0.7700000  4.2326 -2.0365 10.577 11.415 11.407 11.507 11.602 10.905 11.123 11.435 11.325 11.567 11.451 11.382 11.591
    8.347597 0.7700000  4.2240 -2.0720 10.636 11.460 11.442 11.541 11.632 10.998 11.197 11.473 11.367 11.599 11.488 11.422 11.623
    8.373867 0.7700000  4.2154 -2.1074 10.694 11.504 11.477 11.574 11.662 11.093 11.272 11.509 11.408 11.631 11.526 11.462 11.655
    8.399876 0.7700000  4.2067 -2.1428 10.751 11.549 11.513 11.607 11.692 11.188 11.346 11.546 11.449 11.661 11.563 11.502 11.685
    8.425604 0.7700000  4.1981 -2.1783 10.809 11.595 11.548 11.640 11.721 11.284 11.421 11.584 11.491 11.693 11.600 11.543 11.716
    8.451084 0.7700000  4.1895 -2.2137 10.867 11.641 11.584 11.674 11.751 11.383 11.498 11.622 11.532 11.724 11.638 11.585 11.748
    8.476328 0.7700000  4.1808 -2.2491 10.925 11.687 11.620 11.707 11.780 11.485 11.574 11.659 11.574 11.755 11.676 11.627 11.778
    8.501344 0.7700000  4.1722 -2.2846 10.981 11.733 11.657 11.740 11.809 11.589 11.651 11.696 11.616 11.785 11.714 11.668 11.808
    8.526139 0.7700000  4.1635 -2.3200 11.036 11.779 11.693 11.773 11.836 11.696 11.728 11.733 11.657 11.814 11.750 11.708 11.838
    8.550722 0.7700000  4.1549 -2.3554 11.089 11.824 11.728 11.805 11.863 11.809 11.806 11.769 11.698 11.843 11.786 11.748 11.866
    8.575177 0.7700000  4.1463 -2.3908 11.139 11.868 11.764 11.836 11.889 11.929 11.885 11.805 11.738 11.871 11.822 11.787 11.894
    8.599483 0.7700000  4.1376 -2.4263 11.186 11.909 11.798 11.865 11.914 12.068 11.961 11.838 11.775 11.897 11.855 11.824 11.920
    8.623662 0.7700000  4.1290 -2.4617 11.230 11.947 11.829 11.893 11.936 12.224 12.035 11.869 11.810 11.920 11.886 11.858 11.944
    8.647784 0.7700000  4.1204 -2.4970 11.271 11.984 11.860 11.918 11.957 12.408 12.109 11.898 11.843 11.943 11.916 11.891 11.966
    8.671902 0.7700000  4.1117 -2.5324 11.310 12.021 11.891 11.944 11.978 12.614 12.183 11.928 11.876 11.965 11.946 11.924 11.988
    8.696050 0.7700000  4.1031 -2.5677 11.353 12.061 11.925 11.973 12.001 12.829 12.262 11.960 11.912 11.990 11.978 11.961 12.012
    8.720255 0.7700000  4.0945 -2.6030 11.399 12.103 11.962 12.003 12.025 13.058 12.345 11.995 11.951 12.015 12.012 11.999 12.038
    8.744554 0.7700000  4.0858 -2.6384 11.449 12.149 12.003 12.037 12.052 13.302 12.432 12.032 11.994 12.044 12.050 12.041 12.067
    8.768891 0.7700000  4.0772 -2.6737 11.501 12.198 12.046 12.074 12.082 13.561 12.522 12.073 12.039 12.075 12.090 12.086 12.098
    8.793393 0.7700000  4.0686 -2.7089 11.558 12.251 12.093 12.113 12.113 13.836 12.616 12.116 12.087 12.109 12.134 12.134 12.131
    8.818124 0.7700000  4.0600 -2.7442 11.618 12.307 12.143 12.156 12.147 14.127 12.715 12.163 12.139 12.145 12.180 12.185 12.167
    8.843014 0.7700000  4.0513 -2.7795 11.679 12.365 12.196 12.201 12.183 14.450 12.815 12.212 12.194 12.184 12.230 12.239 12.206
    8.868021 0.7700000  4.0427 -2.8148 11.744 12.427 12.253 12.248 12.223 14.797 12.919 12.264 12.251 12.224 12.282 12.297 12.246
    8.893072 0.7700000  4.0341 -2.8501 11.810 12.492 12.314 12.299 12.264 15.154 13.027 12.320 12.312 12.268 12.337 12.358 12.290
    8.918300 0.7700000  4.0255 -2.8855 11.880 12.560 12.378 12.354 12.308 15.524 13.139 12.379 12.377 12.315 12.396 12.422 12.336
    8.942846 0.7700000  4.0167 -2.9213 11.952 12.632 12.446 12.412 12.355 15.892 13.257 12.441 12.445 12.364 12.458 12.489 12.385
    8.967387 0.7700000  4.0081 -2.9564 12.025 12.705 12.515 12.471 12.404 16.223 13.376 12.504 12.514 12.414 12.521 12.558 12.435
    8.992108 0.7700000  3.9994 -2.9918 12.101 12.781 12.587 12.532 12.455 16.542 13.500 12.569 12.586 12.467 12.586 12.631 12.488
    9.016836 0.7700000  3.9907 -3.0272 12.176 12.858 12.660 12.595 12.506 16.858 13.625 12.636 12.658 12.521 12.652 12.703 12.542
    9.041609 0.7700000  3.9821 -3.0625 12.253 12.936 12.734 12.658 12.558 17.167 13.754 12.703 12.732 12.576 12.719 12.776 12.596
    9.066473 0.7700000  3.9734 -3.0978 12.331 13.015 12.808 12.722 12.610 17.482 13.886 12.771 12.806 12.631 12.787 12.850 12.651
    9.091441 0.7700000  3.9647 -3.1331 12.410 13.094 12.883 12.786 12.664 17.817 14.022 12.839 12.881 12.687 12.855 12.924 12.707
    9.116632 0.7700000  3.9560 -3.1684 12.490 13.175 12.957 12.850 12.718 18.161 14.161 12.907 12.956 12.743 12.924 12.999 12.763
    9.141966 0.7700000  3.9474 -3.2037 12.572 13.255 13.032 12.915 12.772 18.524 14.305 12.976 13.032 12.799 12.993 13.075 12.819
    9.167467 0.7700000  3.9387 -3.2390 12.656 13.337 13.107 12.980 12.826 18.905 14.455 13.045 13.108 12.855 13.062 13.150 12.875
    9.193125 0.7700000  3.9300 -3.2743 12.741 13.419 13.182 13.044 12.880 19.301 14.609 13.114 13.184 12.912 13.131 13.226 12.932
    9.218931 0.7700000  3.9214 -3.3096 12.828 13.503 13.257 13.109 12.934 19.712 14.771 13.183 13.261 12.969 13.200 13.303 12.989
    9.244894 0.7700000  3.9127 -3.3449 12.918 13.587 13.332 13.174 12.989 20.137 14.941 13.253 13.339 13.026 13.270 13.380 13.045
    9.270838 0.7700000  3.9040 -3.3802 13.010 13.672 13.407 13.239 13.044 20.577 15.118 13.322 13.417 13.084 13.339 13.458 13.103
    9.296272 0.7700000  3.8954 -3.4152 13.104 13.758 13.482 13.304 13.098 21.002 15.304 13.392 13.495 13.140 13.409 13.536 13.159
    9.320592 0.7700000  3.8872 -3.4485 13.196 13.841 13.554 13.366 13.150 21.404 15.491 13.458 13.571 13.195 13.476 13.610 13.213
    9.345423 0.7700000  3.8793 -3.4803 13.287 13.921 13.623 13.426 13.199 21.788 15.677 13.522 13.643 13.246 13.539 13.682 13.265
    9.372974 0.7700000  3.8718 -3.5109 13.377 13.999 13.689 13.483 13.247 22.147 15.866 13.583 13.714 13.296 13.601 13.752 13.315
    9.400167 0.7700000  3.8645 -3.5404 13.467 14.076 13.754 13.538 13.293 22.474 16.059 13.643 13.782 13.344 13.661 13.820 13.363
    9.426664 0.7700000  3.8575 -3.5686 13.555 14.151 13.816 13.591 13.337 22.778 16.253 13.701 13.849 13.390 13.718 13.886 13.409
    9.450938 0.7700000  3.8508 -3.5959 13.643 14.224 13.877 13.642 13.380 23.063 16.447 13.757 13.914 13.435 13.774 13.950 13.453
    9.474794 0.7700000  3.8443 -3.6220 13.729 14.295 13.935 13.691 13.420 23.329 16.641 13.811 13.976 13.478 13.828 14.011 13.496
    9.497029 0.7700000  3.8381 -3.6472 13.817 14.366 13.992 13.740 13.460 23.585 16.840 13.863 14.038 13.520 13.880 14.072 13.538
    9.518214 0.7700000  3.8321 -3.6717 13.905 14.435 14.047 13.787 13.499 23.829 17.041 13.914 14.098 13.561 13.932 14.132 13.579
    9.538418 0.7700000  3.8263 -3.6952 13.991 14.503 14.102 13.832 13.536 24.059 17.242 13.964 14.157 13.600 13.981 14.190 13.618
    9.557484 0.7700000  3.8207 -3.7180 14.078 14.569 14.154 13.876 13.573 24.278 17.443 14.012 14.214 13.638 14.030 14.247 13.656
    9.575873 0.7700000  3.8152 -3.7401 14.164 14.635 14.206 13.920 13.608 24.487 17.644 14.059 14.271 13.675 14.078 14.302 13.693
    9.593436 0.7700000  3.8100 -3.7614 14.250 14.700 14.256 13.962 13.643 24.691 17.841 14.105 14.326 13.711 14.124 14.357 13.729
    9.611230 0.7700000  3.8048 -3.7822 14.339 14.765 14.307 14.004 13.677 24.892 18.035 14.151 14.381 13.747 14.170 14.411 13.765
    9.627506 0.7700000  3.7998 -3.8025 14.427 14.829 14.356 14.045 13.711 25.088 18.227 14.196 14.435 13.783 14.215 14.465 13.800
    9.643115 0.7700000  3.7950 -3.8222 14.516 14.893 14.405 14.086 13.744 25.278 18.418 14.240 14.489 13.818 14.259 14.518 13.835
    9.658520 0.7700000  3.7902 -3.8415 14.605 14.956 14.453 14.126 13.777 25.464 18.608 14.284 14.542 13.852 14.303 14.570 13.869
    9.671858 0.7700000  3.7856 -3.8603 14.694 15.019 14.500 14.165 13.809 25.645 18.797 14.327 14.594 13.886 14.346 14.621 13.903
    9.683694 0.7700000  3.7810 -3.8787 14.784 15.081 14.547 14.204 13.841 25.821 18.985 14.370 14.646 13.920 14.389 14.672 13.936
    9.697434 0.7700000  3.7766 -3.8966 14.873 15.143 14.593 14.242 13.872 25.992 19.165 14.412 14.697 13.953 14.431 14.723 13.968
    9.710881 0.7700000  3.7723 -3.9140 14.961 15.205 14.639 14.280 13.903 26.158 19.332 14.453 14.748 13.986 14.473 14.773 14.001
    9.723408 0.7700000  3.7682 -3.9311 15.049 15.267 14.685 14.318 13.935 26.320 19.495 14.495 14.798 14.019 14.514 14.823 14.034
    9.735603 0.7700000  3.7641 -3.9478 15.137 15.328 14.730 14.356 13.966 26.478 19.654 14.536 14.848 14.051 14.555 14.872 14.066
    9.747516 0.7700000  3.7601 -3.9641 15.225 15.389 14.775 14.393 13.996 26.632 19.809 14.576 14.898 14.083 14.596 14.921 14.098
    9.759161 0.7700000  3.7561 -3.9802 15.313 15.450 14.820 14.430 14.027 26.784 19.960 14.617 14.947 14.115 14.636 14.969 14.130
    9.770532 0.7700000  3.7525 -3.9952 15.396 15.508 14.862 14.465 14.056 26.924 20.101 14.655 14.993 14.145 14.674 15.015 14.161
    9.781892 0.7700000  3.7494 -4.0081 15.468 15.558 14.899 14.496 14.081 27.043 20.220 14.688 15.033 14.172 14.707 15.055 14.187
    9.793265 0.7700000  3.7457 -4.0233 15.556 15.618 14.942 14.532 14.111 27.185 20.362 14.727 15.081 14.203 14.746 15.102 14.218
    9.803638 0.7700000  3.7414 -4.0403 15.656 15.686 14.992 14.573 14.144 27.348 20.524 14.771 15.136 14.238 14.791 15.156 14.253
    9.812695 0.7700000  3.7380 -4.0543 15.737 15.743 15.033 14.607 14.172 27.494 20.655 14.808 15.181 14.267 14.827 15.200 14.282
    9.822821 0.7700000  3.7349 -4.0667 15.808 15.793 15.070 14.638 14.197 27.630 20.771 14.841 15.220 14.294 14.860 15.240 14.309
    9.832613 0.7700000  3.7322 -4.0780 15.874 15.840 15.104 14.666 14.220 27.757 20.876 14.871 15.257 14.318 14.890 15.276 14.333
    9.841476 0.7700000  3.7289 -4.0914 15.952 15.895 15.145 14.699 14.248 27.912 21.002 14.907 15.301 14.347 14.926 15.320 14.362
    9.850276 0.7700000  3.7257 -4.1045 16.030 15.951 15.185 14.733 14.275 28.067 21.125 14.942 15.344 14.375 14.962 15.363 14.390
    9.859499 0.7700000  3.7228 -4.1161 16.099 16.000 15.221 14.762 14.299 28.206 21.233 14.974 15.383 14.401 14.994 15.401 14.416
    9.867821 0.7700000  3.7204 -4.1261 16.159 16.042 15.252 14.788 14.321 28.328 21.327 15.001 15.417 14.423 15.021 15.434 14.438
    9.875967 0.7700000  3.7181 -4.1355 16.214 16.082 15.281 14.812 14.340 28.444 21.418 15.027 15.448 14.444 15.047 15.465 14.459
    9.883955 0.7700000  3.7159 -4.1442 16.266 16.120 15.307 14.834 14.358 28.553 21.503 15.050 15.477 14.463 15.070 15.493 14.478
    9.891783 0.7700000  3.7137 -4.1534 16.322 16.159 15.336 14.858 14.378 28.671 21.595 15.075 15.507 14.483 15.095 15.524 14.498
    9.899447 0.7700000  3.7116 -4.1621 16.374 16.197 15.363 14.880 14.396 28.784 21.682 15.099 15.536 14.502 15.119 15.553 14.517
    9.906957 0.7700000  3.7095 -4.1705 16.425 16.233 15.389 14.902 14.414 28.894 21.766 15.122 15.564 14.521 15.142 15.581 14.535
    9.914333 0.7700000  3.7076 -4.1785 16.473 16.268 15.414 14.922 14.431 29.000 21.847 15.144 15.591 14.539 15.164 15.607 14.553
    9.921559 0.7700000  3.7059 -4.1854 16.515 16.298 15.435 14.940 14.445 29.092 21.918 15.163 15.614 14.554 15.183 15.630 14.568
    9.928578 0.7700000  3.7043 -4.1919 16.555 16.327 15.456 14.957 14.459 29.181 21.985 15.180 15.636 14.569 15.201 15.652 14.583
    9.934904 0.7700000  3.7027 -4.1982 16.593 16.354 15.476 14.973 14.472 29.267 22.050 15.198 15.657 14.583 15.218 15.673 14.597
    9.941717 0.7700000  3.7013 -4.2043 16.630 16.381 15.495 14.989 14.485 29.350 22.112 15.215 15.678 14.596 15.235 15.693 14.610
    9.948342 0.7700000  3.6999 -4.2101 16.666 16.407 15.513 15.004 14.498 29.431 22.173 15.230 15.697 14.609 15.250 15.713 14.623
    9.954292 0.7700000  3.6984 -4.2159 16.701 16.433 15.531 15.019 14.510 29.522 22.234 15.246 15.717 14.622 15.266 15.732 14.636
    9.960722 0.7700000  3.6970 -4.2218 16.738 16.459 15.550 15.034 14.522 29.636 22.296 15.263 15.737 14.635 15.283 15.752 14.649
    9.966982 0.7700000  3.6956 -4.2276 16.773 16.484 15.568 15.049 14.535 29.751 22.358 15.278 15.756 14.648 15.298 15.771 14.662
    9.972568 0.7700000  3.6942 -4.2332 16.808 16.509 15.585 15.064 14.547 29.866 22.417 15.294 15.775 14.661 15.314 15.790 14.675
    9.978249 0.7700000  3.6929 -4.2386 16.841 16.533 15.602 15.078 14.558 29.983 22.476 15.308 15.793 14.673 15.328 15.808 14.687
    9.983969 0.7700000  3.6916 -4.2440 16.874 16.557 15.619 15.092 14.570 30.100 22.534 15.323 15.811 14.685 15.343 15.826 14.699
    9.989579 0.7700000  3.6903 -4.2492 16.907 16.580 15.636 15.105 14.581 30.219 22.591 15.337 15.829 14.696 15.357 15.843 14.710
    9.995077 0.7700000  3.6892 -4.2539 16.936 16.601 15.651 15.117 14.591 30.329 22.642 15.350 15.844 14.707 15.370 15.859 14.721
   10.000234 0.7700000  3.6881 -4.2585 16.964 16.621 15.665 15.129 14.600 30.438 22.693 15.363 15.860 14.717 15.383 15.874 14.731
   10.005555 0.7700000  3.6869 -4.2630 16.993 16.642 15.679 15.141 14.610 30.549 22.743 15.375 15.875 14.727 15.395 15.890 14.741
   10.010542 0.7700000  3.6858 -4.2675 17.020 16.662 15.694 15.152 14.620 30.661 22.792 15.387 15.890 14.737 15.408 15.905 14.751
   10.015697 0.7700000  3.6848 -4.2720 17.048 16.682 15.708 15.164 14.629 30.776 22.842 15.400 15.905 14.747 15.420 15.920 14.761
   10.020543 0.7700000  3.6837 -4.2764 17.076 16.702 15.722 15.176 14.639 30.892 22.891 15.412 15.920 14.757 15.432 15.934 14.771
   10.025567 0.7700000  3.6826 -4.2809 17.104 16.722 15.736 15.187 14.648 31.012 22.941 15.424 15.935 14.767 15.444 15.949 14.781
   10.030261 0.7700000  3.6815 -4.2854 17.132 16.742 15.750 15.199 14.658 31.134 22.992 15.436 15.950 14.777 15.457 15.964 14.791
   10.034887 0.7700000  3.6807 -4.2887 17.153 16.757 15.761 15.208 14.665 31.225 23.029 15.445 15.961 14.784 15.466 15.975 14.798
   10.039453 0.7700000  3.6800 -4.2917 17.172 16.770 15.770 15.215 14.671 31.309 23.063 15.454 15.971 14.791 15.474 15.985 14.805
   10.044168 0.7700000  3.6792 -4.2947 17.190 16.784 15.780 15.223 14.678 31.393 23.096 15.462 15.981 14.798 15.482 15.995 14.811
   10.048591 0.7700000  3.6785 -4.2977 17.209 16.797 15.789 15.231 14.684 31.480 23.130 15.470 15.991 14.804 15.490 16.005 14.818
   10.052966 0.7700000  3.6778 -4.3007 17.228 16.811 15.799 15.239 14.691 31.568 23.165 15.478 16.001 14.811 15.498 16.016 14.825
   10.057277 0.7700000  3.6770 -4.3038 17.247 16.825 15.809 15.247 14.697 31.659 23.200 15.487 16.012 14.818 15.507 16.026 14.832
   10.061321 0.7700000  3.6763 -4.3069 17.267 16.838 15.818 15.255 14.704 31.755 23.234 15.495 16.022 14.825 15.515 16.036 14.838
   10.065522 0.7700000  3.6755 -4.3101 17.286 16.852 15.828 15.263 14.710 31.858 23.269 15.503 16.032 14.832 15.524 16.046 14.845
   10.069680 0.7700000  3.6747 -4.3132 17.305 16.866 15.838 15.271 14.717 31.961 23.303 15.512 16.042 14.838 15.532 16.056 14.852
   10.073790 0.7700000  3.6740 -4.3165 17.325 16.880 15.848 15.279 14.724 32.068 23.338 15.520 16.053 14.846 15.540 16.067 14.859
   10.077647 0.7700000  3.6732 -4.3197 17.345 16.894 15.857 15.287 14.730 32.177 23.373 15.529 16.063 14.852 15.549 16.077 14.866
   10.081663 0.7700000  3.6724 -4.3230 17.365 16.909 15.867 15.295 14.737 32.290 23.408 15.537 16.074 14.860 15.557 16.088 14.873
   10.085636 0.7700000  3.6693 -4.3355 17.442 16.964 15.905 15.326 14.762 32.748 23.546 15.570 16.114 14.886 15.590 16.128 14.900
   10.089391 0.7700000  3.6649 -4.3534 17.553 17.042 15.959 15.370 14.798 33.453 23.744 15.616 16.172 14.924 15.636 16.185 14.937
   10.093110 0.7700000  3.6621 -4.3646 17.622 17.091 15.993 15.397 14.821 33.921 23.867 15.644 16.207 14.948 15.664 16.220 14.960
   10.096992 0.7700000  3.6608 -4.3700 17.655 17.114 16.009 15.410 14.831 34.150 23.926 15.658 16.224 14.959 15.678 16.237 14.972
   10.100680 0.7700000  3.6595 -4.3754 17.688 17.138 16.025 15.423 14.842 34.388 23.985 15.671 16.241 14.970 15.692 16.253 14.983
   10.104328 0.7700000  3.6581 -4.3809 17.721 17.161 16.041 15.436 14.853 34.631 24.044 15.685 16.258 14.982 15.705 16.270 14.994
   10.107910 0.7700000  3.6568 -4.3864 17.755 17.185 16.057 15.449 14.864 34.883 24.105 15.699 16.276 14.993 15.719 16.287 15.005
   10.111399 0.7700000  3.6554 -4.3920 17.789 17.209 16.074 15.463 14.875 35.144 24.166 15.712 16.293 15.005 15.733 16.305 15.017
   10.114813 0.7700000  3.6540 -4.3977 17.824 17.233 16.090 15.476 14.886 35.414 24.228 15.727 16.311 15.016 15.747 16.322 15.028
   10.118258 0.7700000  3.6526 -4.4035 17.859 17.258 16.107 15.490 14.897 35.675 24.290 15.741 16.328 15.028 15.761 16.340 15.040
   10.121667 0.7700000  3.6511 -4.4095 17.894 17.283 16.124 15.503 14.908 35.922 24.354 15.755 16.346 15.040 15.775 16.357 15.052
   10.125283 0.7700000  3.6496 -4.4155 17.930 17.308 16.141 15.517 14.920 36.174 24.419 15.770 16.364 15.052 15.790 16.375 15.064
   10.128702 0.7700000  3.6481 -4.4217 17.966 17.334 16.159 15.531 14.932 36.433 24.486 15.784 16.383 15.064 15.805 16.394 15.076
   10.131918 0.7700000  3.6465 -4.4280 18.003 17.360 16.176 15.546 14.943 36.697 24.554 15.799 16.401 15.077 15.820 16.412 15.088
   10.135291 0.7700000  3.6450 -4.4344 18.040 17.387 16.194 15.560 14.955 36.967 24.622 15.814 16.420 15.089 15.835 16.431 15.101
   10.138646 0.7700000  3.6433 -4.4411 18.079 17.414 16.213 15.575 14.968 37.248 24.694 15.830 16.440 15.102 15.850 16.450 15.114
   10.141785 0.7700000  3.6416 -4.4480 18.119 17.442 16.232 15.590 14.981 37.541 24.767 15.846 16.459 15.115 15.866 16.470 15.127
   10.145040 0.7700000  3.6399 -4.4551 18.160 17.471 16.251 15.606 14.994 37.844 24.843 15.862 16.480 15.129 15.882 16.490 15.141
   10.148223 0.7700000  3.6380 -4.4624 18.202 17.501 16.271 15.622 15.007 38.156 24.921 15.879 16.501 15.143 15.899 16.511 15.155
   10.151386 0.7700000  3.6362 -4.4699 18.244 17.531 16.291 15.638 15.021 38.476 25.000 15.896 16.522 15.157 15.916 16.532 15.169
   10.154530 0.7700000  3.6343 -4.4775 18.288 17.561 16.312 15.654 15.034 38.805 25.081 15.913 16.543 15.171 15.933 16.553 15.183
   10.157648 0.7700000  3.6323 -4.4855 18.333 17.593 16.333 15.671 15.049 39.150 25.165 15.931 16.565 15.186 15.951 16.575 15.198
   10.160745 0.7700000  3.6303 -4.4937 18.379 17.626 16.355 15.689 15.063 39.507 25.252 15.949 16.587 15.201 15.969 16.598 15.213
   10.163814 0.7700000  3.6282 -4.5022 18.426 17.659 16.377 15.706 15.078 39.865 25.340 15.967 16.611 15.216 15.987 16.620 15.228
   10.166872 0.7700000  3.6260 -4.5108 18.472 17.692 16.399 15.724 15.093 40.146 25.426 15.986 16.633 15.232 16.006 16.643 15.244
   10.169816 0.7700000  3.6238 -4.5197 18.520 17.726 16.422 15.742 15.108 40.421 25.513 16.005 16.657 15.248 16.025 16.667 15.260
   10.172749 0.7700000  3.6216 -4.5289 18.569 17.761 16.445 15.761 15.124 40.689 25.602 16.024 16.681 15.264 16.044 16.691 15.276
   10.175656 0.7700000  3.6192 -4.5384 18.618 17.796 16.469 15.780 15.140 40.950 25.693 16.044 16.705 15.281 16.064 16.715 15.293
   10.178543 0.7700000  3.6168 -4.5481 18.668 17.831 16.492 15.799 15.157 41.200 25.785 16.064 16.730 15.298 16.084 16.739 15.310
   10.181411 0.7700000  3.6143 -4.5580 18.719 17.868 16.516 15.818 15.173 41.439 25.877 16.084 16.754 15.315 16.104 16.764 15.327
   10.184266 0.7700000  3.6118 -4.5683 18.771 17.905 16.541 15.838 15.190 41.667 25.972 16.105 16.780 15.333 16.125 16.789 15.345
   10.187093 0.7700000  3.6091 -4.5792 18.825 17.943 16.567 15.859 15.208 41.886 26.070 16.126 16.806 15.352 16.147 16.815 15.363
   10.189913 0.7700000  3.6063 -4.5902 18.878 17.982 16.592 15.879 15.226 42.085 26.167 16.148 16.832 15.370 16.168 16.842 15.381
   10.192709 0.7700000  3.6035 -4.6014 18.932 18.020 16.618 15.900 15.244 42.266 26.265 16.169 16.859 15.389 16.190 16.868 15.400
   10.195485 0.7700000  3.6007 -4.6128 18.987 18.059 16.644 15.921 15.262 42.466 26.364 16.191 16.885 15.408 16.212 16.894 15.419
   10.198243 0.7700000  3.5978 -4.6246 19.042 18.100 16.671 15.942 15.282 42.704 26.466 16.214 16.913 15.428 16.234 16.921 15.439
   10.200986 0.7700000  3.5948 -4.6366 19.098 18.140 16.698 15.964 15.302 42.939 26.567 16.237 16.940 15.448 16.257 16.949 15.459
   10.203711 0.7700000  3.5917 -4.6489 19.154 18.181 16.725 15.987 15.322 43.171 26.670 16.261 16.968 15.469 16.281 16.977 15.480
   10.206423 0.7700000  3.5889 -4.6604 19.206 18.218 16.750 16.007 15.341 43.381 26.764 16.282 16.994 15.489 16.302 17.002 15.500
   10.209118 0.7700000  3.5860 -4.6719 19.257 18.255 16.775 16.027 15.360 43.584 26.857 16.304 17.019 15.508 16.324 17.027 15.519
   10.211791 0.7700000  3.5831 -4.6837 19.309 18.293 16.800 16.048 15.379 43.784 26.951 16.326 17.044 15.528 16.346 17.053 15.539
   10.214449 0.7700000  3.5800 -4.6959 19.361 18.331 16.826 16.069 15.399 43.983 27.046 16.348 17.071 15.548 16.368 17.079 15.559
   10.217095 0.7700000  3.5758 -4.7129 19.433 18.384 16.861 16.098 15.427 44.247 27.176 16.379 17.106 15.577 16.399 17.114 15.587
   10.219722 0.7700000  3.5714 -4.7304 19.505 18.437 16.897 16.128 15.457 44.521 27.309 16.411 17.142 15.606 16.430 17.150 15.617
   10.222331 0.7700000  3.5672 -4.7475 19.576 18.488 16.931 16.157 15.487 44.791 27.437 16.442 17.177 15.636 16.461 17.185 15.646
   10.224930 0.7700000  3.5632 -4.7634 19.640 18.534 16.962 16.183 15.514 45.036 27.553 16.471 17.209 15.663 16.490 17.216 15.674
   10.227510 0.7700000  3.5592 -4.7796 19.704 18.580 16.993 16.210 15.543 45.279 27.670 16.501 17.240 15.691 16.519 17.248 15.702
   10.230073 0.7700000  3.5551 -4.7961 19.768 18.627 17.025 16.236 15.572 45.519 27.787 16.530 17.272 15.720 16.548 17.279 15.730
   10.232624 0.7700000  3.5508 -4.8131 19.833 18.673 17.056 16.264 15.603 45.759 27.904 16.561 17.303 15.750 16.579 17.311 15.760
   10.235156 0.7700000  3.5465 -4.8304 19.898 18.719 17.088 16.291 15.635 45.996 28.021 16.592 17.335 15.781 16.609 17.342 15.791
   10.237677 0.7700000  3.5421 -4.8483 19.963 18.767 17.120 16.320 15.669 46.236 28.141 16.624 17.367 15.813 16.641 17.374 15.823
   10.240182 0.7700000  3.5375 -4.8667 20.030 18.815 17.152 16.349 15.706 46.482 28.262 16.658 17.400 15.848 16.674 17.407 15.858
   10.242676 0.7700000  3.5328 -4.8854 20.097 18.864 17.185 16.379 15.744 46.726 28.383 16.692 17.432 15.884 16.708 17.439 15.894
   10.245155 0.7700000  3.5280 -4.9047 20.165 18.913 17.218 16.410 15.785 46.972 28.506 16.728 17.465 15.921 16.744 17.472 15.931
   10.247619 0.7700000  3.5230 -4.9245 20.233 18.962 17.251 16.441 15.828 47.216 28.628 16.765 17.498 15.961 16.780 17.505 15.971
   10.250066 0.7700000  3.5180 -4.9447 20.301 19.011 17.284 16.473 15.874 47.458 28.751 16.802 17.531 16.002 16.818 17.538 16.012
   10.252502 0.7700000  3.5128 -4.9656 20.370 19.061 17.318 16.505 15.922 47.702 28.875 16.841 17.564 16.045 16.857 17.571 16.055
   10.254918 0.7700000  3.5074 -4.9870 20.439 19.111 17.352 16.539 15.974 47.947 28.999 16.883 17.598 16.091 16.897 17.605 16.102
   10.257332 0.7700000  3.5019 -5.0090 20.509 19.162 17.386 16.575 16.030 48.194 29.123 16.925 17.632 16.139 16.940 17.639 16.151
   10.259720 0.7700000  3.4963 -5.0316 20.580 19.213 17.421 16.612 16.089 48.440 29.247 16.970 17.667 16.190 16.984 17.674 16.202
   10.262109 0.7700000  3.4905 -5.0547 20.650 19.264 17.456 16.650 16.152 48.683 29.370 17.016 17.702 16.244 17.030 17.708 16.256
   10.264476 0.7700000  3.4846 -5.0784 20.720 19.315 17.490 16.689 16.219 48.925 29.493 17.064 17.737 16.300 17.078 17.743 16.313
