#   log(t)      Mwd  log(Teff) log(L/Lo)  U     B      V      R     I      FUV     NUV     G2    BP2    RP2    G3     BP3    RP3 
    6.178626 0.6800000  4.9186  1.0989  6.568  7.899  8.237  8.395  8.597  5.883  6.569  8.169  7.898  8.513  8.177  7.989  8.541
    6.186591 0.6800000  4.9109  1.0584  6.609  7.939  8.277  8.435  8.637  5.929  6.613  8.209  7.939  8.553  8.217  8.030  8.581
    6.193731 0.6800000  4.9044  1.0249  6.643  7.973  8.310  8.467  8.669  5.966  6.649  8.242  7.972  8.586  8.250  8.063  8.613
    6.201481 0.6800000  4.8974  0.9890  6.679  8.008  8.344  8.501  8.703  6.005  6.686  8.276  8.007  8.619  8.284  8.097  8.647
    6.209130 0.6800000  4.8903  0.9532  6.714  8.041  8.376  8.534  8.735  6.044  6.722  8.309  8.040  8.652  8.317  8.131  8.679
    6.216857 0.6800000  4.8832  0.9177  6.748  8.075  8.409  8.566  8.767  6.082  6.758  8.342  8.073  8.684  8.350  8.164  8.711
    6.224769 0.6800000  4.8760  0.8822  6.782  8.108  8.441  8.598  8.799  6.119  6.793  8.374  8.106  8.715  8.382  8.196  8.743
    6.232855 0.6800000  4.8688  0.8467  6.816  8.140  8.472  8.630  8.830  6.156  6.828  8.406  8.138  8.746  8.414  8.228  8.774
    6.241117 0.6800000  4.8615  0.8111  6.849  8.172  8.503  8.661  8.861  6.193  6.863  8.437  8.170  8.777  8.445  8.260  8.805
    6.249527 0.6800000  4.8543  0.7756  6.882  8.204  8.534  8.691  8.892  6.230  6.898  8.469  8.202  8.808  8.477  8.292  8.836
    6.258142 0.6800000  4.8469  0.7401  6.915  8.235  8.565  8.722  8.922  6.267  6.933  8.499  8.233  8.839  8.507  8.323  8.866
    6.266933 0.6800000  4.8395  0.7045  6.947  8.266  8.595  8.752  8.952  6.303  6.967  8.530  8.264  8.869  8.538  8.354  8.896
    6.275860 0.6800000  4.8321  0.6690  6.979  8.297  8.625  8.782  8.981  6.339  7.001  8.560  8.295  8.898  8.568  8.385  8.925
    6.284986 0.6800000  4.8247  0.6335  7.011  8.328  8.655  8.811  9.010  6.375  7.035  8.590  8.325  8.928  8.598  8.415  8.954
    6.294308 0.6800000  4.8172  0.5980  7.042  8.358  8.684  8.840  9.039  6.410  7.068  8.619  8.355  8.957  8.628  8.445  8.984
    6.303810 0.6800000  4.8097  0.5625  7.073  8.389  8.713  8.869  9.067  6.446  7.101  8.649  8.385  8.985  8.658  8.475  9.012
    6.313504 0.6800000  4.8021  0.5270  7.104  8.419  8.742  8.897  9.096  6.481  7.134  8.678  8.415  9.014  8.687  8.504  9.041
    6.323390 0.6800000  4.7946  0.4915  7.135  8.448  8.770  8.926  9.124  6.517  7.168  8.707  8.444  9.042  8.716  8.534  9.069
    6.333507 0.6800000  4.7870  0.4561  7.166  8.478  8.799  8.954  9.152  6.552  7.200  8.736  8.474  9.070  8.745  8.563  9.097
    6.343826 0.6800000  4.7793  0.4206  7.197  8.507  8.827  8.982  9.179  6.587  7.233  8.764  8.503  9.097  8.773  8.592  9.125
    6.354342 0.6800000  4.7717  0.3851  7.228  8.536  8.855  9.009  9.207  6.623  7.266  8.793  8.532  9.125  8.802  8.621  9.153
    6.365079 0.6800000  4.7640  0.3497  7.259  8.565  8.883  9.037  9.235  6.658  7.299  8.821  8.561  9.153  8.830  8.650  9.181
    6.376025 0.6800000  4.7563  0.3142  7.289  8.595  8.910  9.065  9.262  6.693  7.332  8.850  8.590  9.180  8.859  8.678  9.208
    6.387160 0.6800000  4.7485  0.2787  7.320  8.624  8.938  9.093  9.289  6.728  7.365  8.878  8.619  9.208  8.887  8.707  9.235
    6.398504 0.6800000  4.7408  0.2432  7.351  8.653  8.966  9.121  9.317  6.764  7.398  8.906  8.647  9.235  8.915  8.735  9.262
    6.410075 0.6800000  4.7330  0.2078  7.381  8.682  8.993  9.148  9.343  6.799  7.430  8.934  8.676  9.262  8.943  8.764  9.289
    6.421814 0.6800000  4.7252  0.1723  7.411  8.710  9.020  9.175  9.370  6.834  7.463  8.962  8.704  9.289  8.971  8.792  9.316
    6.433746 0.6800000  4.7173  0.1367  7.442  8.739  9.048  9.202  9.396  6.870  7.496  8.990  8.733  9.316  8.999  8.820  9.343
    6.445826 0.6800000  4.7093  0.1013  7.472  8.767  9.074  9.228  9.422  6.905  7.529  9.017  8.760  9.343  9.026  8.848  9.369
    6.458128 0.6800000  4.7014  0.0658  7.502  8.795  9.101  9.254  9.448  6.941  7.561  9.044  8.788  9.369  9.053  8.875  9.396
    6.470710 0.6800000  4.6934  0.0305  7.532  8.823  9.128  9.280  9.474  6.976  7.594  9.071  8.816  9.395  9.080  8.903  9.422
    6.483611 0.6800000  4.6855 -0.0049  7.563  8.852  9.155  9.307  9.501  7.012  7.628  9.099  8.845  9.422  9.108  8.932  9.449
    6.496815 0.6800000  4.6775 -0.0403  7.594  8.881  9.182  9.334  9.527  7.049  7.661  9.126  8.873  9.449  9.135  8.960  9.476
    6.510326 0.6800000  4.6695 -0.0756  7.625  8.910  9.209  9.361  9.554  7.085  7.695  9.154  8.902  9.475  9.163  8.988  9.502
    6.524142 0.6800000  4.6615 -0.1110  7.657  8.939  9.236  9.388  9.580  7.122  7.730  9.182  8.930  9.502  9.191  9.017  9.529
    6.538244 0.6800000  4.6536 -0.1463  7.688  8.969  9.263  9.415  9.607  7.159  7.764  9.210  8.959  9.529  9.219  9.046  9.556
    6.552709 0.6800000  4.6455 -0.1816  7.720  8.999  9.291  9.443  9.634  7.197  7.800  9.239  8.989  9.557  9.248  9.075  9.584
    6.567474 0.6800000  4.6375 -0.2169  7.753  9.029  9.319  9.471  9.662  7.236  7.836  9.268  9.018  9.584  9.277  9.105  9.611
    6.582648 0.6800000  4.6295 -0.2522  7.787  9.060  9.348  9.499  9.690  7.275  7.872  9.297  9.049  9.612  9.306  9.135  9.639
    6.598188 0.6800000  4.6215 -0.2874  7.820  9.091  9.377  9.528  9.717  7.315  7.909  9.327  9.079  9.641  9.336  9.165  9.668
    6.614196 0.6800000  4.6135 -0.3228  7.855  9.123  9.406  9.557  9.746  7.356  7.947  9.357  9.111  9.669  9.366  9.196  9.696
    6.630558 0.6800000  4.6055 -0.3579  7.889  9.155  9.436  9.586  9.774  7.397  7.985  9.387  9.142  9.698  9.396  9.227  9.725
    6.647605 0.6800000  4.5975 -0.3930  7.925  9.187  9.466  9.616  9.803  7.439  8.024  9.418  9.174  9.727  9.427  9.259  9.754
    6.665092 0.6800000  4.5894 -0.4283  7.963  9.222  9.498  9.647  9.834  7.483  8.066  9.451  9.208  9.758  9.460  9.292  9.785
    6.683128 0.6800000  4.5814 -0.4632  8.002  9.256  9.529  9.678  9.864  7.528  8.108  9.484  9.242  9.789  9.493  9.326  9.816
    6.701937 0.6800000  4.5734 -0.4984  8.041  9.292  9.562  9.711  9.896  7.574  8.151  9.517  9.277  9.822  9.527  9.361  9.849
    6.721289 0.6800000  4.5654 -0.5334  8.082  9.328  9.595  9.744  9.928  7.621  8.196  9.552  9.313  9.854  9.561  9.397  9.881
    6.741417 0.6800000  4.5573 -0.5685  8.123  9.366  9.629  9.777  9.961  7.669  8.241  9.586  9.349  9.887  9.596  9.433  9.914
    6.762228 0.6800000  4.5492 -0.6035  8.166  9.403  9.663  9.811  9.994  7.717  8.287  9.621  9.386  9.921  9.631  9.470  9.948
    6.783906 0.6800000  4.5411 -0.6383  8.210  9.442  9.698  9.846 10.028  7.768  8.335  9.658  9.425  9.955  9.668  9.507  9.982
    6.806632 0.6800000  4.5331 -0.6731  8.258  9.484  9.736  9.883 10.064  7.822  8.387  9.697  9.466  9.992  9.707  9.548 10.019
    6.830479 0.6800000  4.5251 -0.7078  8.307  9.527  9.774  9.922 10.101  7.878  8.442  9.737  9.508 10.029  9.748  9.590 10.056
    6.855703 0.6800000  4.5170 -0.7425  8.359  9.572  9.814  9.961 10.140  7.936  8.498  9.779  9.552 10.068  9.790  9.633 10.095
    6.882408 0.6800000  4.5090 -0.7770  8.413  9.618  9.855 10.002 10.179  7.996  8.556  9.822  9.597 10.108  9.833  9.678 10.135
    6.910786 0.6800000  4.5011 -0.8115  8.468  9.666  9.898 10.043 10.219  8.058  8.616  9.866  9.644 10.149  9.877  9.724 10.176
    6.941014 0.6800000  4.4931 -0.8460  8.525  9.715  9.941 10.086 10.261  8.121  8.678  9.912  9.692 10.192  9.923  9.771 10.219
    6.973129 0.6800000  4.4851 -0.8804  8.584  9.765  9.985 10.130 10.304  8.186  8.742  9.958  9.741 10.235  9.969  9.820 10.262
    7.007127 0.6800000  4.4772 -0.9148  8.645  9.817 10.031 10.175 10.347  8.254  8.808 10.006  9.792 10.279 10.017  9.870 10.306
    7.042971 0.6800000  4.4692 -0.9493  8.702  9.866 10.074 10.217 10.387  8.322  8.873 10.051  9.839 10.320 10.062  9.916 10.347
    7.080472 0.6800000  4.4612 -0.9838  8.760  9.914 10.116 10.259 10.427  8.392  8.939 10.095  9.886 10.361 10.107  9.963 10.388
    7.119542 0.6800000  4.4532 -1.0183  8.818  9.963 10.159 10.300 10.467  8.464  9.006 10.140  9.934 10.401 10.151 10.009 10.428
    7.160144 0.6800000  4.4452 -1.0527  8.878 10.013 10.202 10.342 10.506  8.537  9.074 10.184  9.981 10.442 10.196 10.056 10.469
    7.202441 0.6800000  4.4371 -1.0871  8.937 10.062 10.245 10.384 10.546  8.612  9.144 10.229 10.029 10.482 10.241 10.104 10.509
    7.246450 0.6800000  4.4291 -1.1215  8.998 10.112 10.288 10.425 10.585  8.689  9.214 10.274 10.078 10.523 10.286 10.151 10.549
    7.292117 0.6800000  4.4210 -1.1558  9.059 10.162 10.331 10.467 10.625  8.767  9.286 10.319 10.126 10.563 10.331 10.199 10.589
    7.339395 0.6800000  4.4129 -1.1901  9.120 10.212 10.374 10.509 10.664  8.848  9.360 10.363 10.174 10.603 10.376 10.246 10.629
    7.387892 0.6800000  4.4048 -1.2246  9.183 10.263 10.418 10.551 10.703  8.930  9.435 10.409 10.224 10.644 10.422 10.295 10.670
    7.437058 0.6800000  4.3966 -1.2592  9.246 10.314 10.462 10.593 10.742  9.013  9.510 10.454 10.273 10.684 10.467 10.343 10.710
    7.486384 0.6800000  4.3884 -1.2939  9.304 10.361 10.502 10.632 10.779  9.093  9.580 10.496 10.318 10.721 10.509 10.387 10.747
    7.535419 0.6800000  4.3802 -1.3287  9.362 10.408 10.542 10.670 10.814  9.174  9.651 10.538 10.363 10.758 10.551 10.432 10.784
    7.583751 0.6800000  4.3719 -1.3637  9.420 10.455 10.581 10.708 10.850  9.255  9.721 10.579 10.408 10.795 10.592 10.476 10.820
    7.631120 0.6800000  4.3636 -1.3986  9.477 10.500 10.620 10.745 10.885  9.337  9.792 10.619 10.452 10.830 10.633 10.519 10.856
    7.677345 0.6800000  4.3553 -1.4337  9.534 10.546 10.658 10.782 10.919  9.420  9.863 10.659 10.495 10.866 10.673 10.562 10.891
    7.722227 0.6800000  4.3469 -1.4688  9.591 10.590 10.696 10.818 10.952  9.504  9.933 10.699 10.538 10.900 10.713 10.604 10.926
    7.765820 0.6800000  4.3385 -1.5040  9.647 10.635 10.734 10.854 10.985  9.588 10.004 10.738 10.581 10.935 10.752 10.645 10.960
    7.808036 0.6800000  4.3301 -1.5393  9.703 10.679 10.771 10.889 11.018  9.674 10.075 10.776 10.623 10.968 10.791 10.687 10.993
    7.848868 0.6800000  4.3216 -1.5746  9.759 10.722 10.807 10.924 11.050  9.760 10.146 10.814 10.664 11.001 10.829 10.727 11.026
    7.888348 0.6800000  4.3132 -1.6099  9.814 10.765 10.843 10.958 11.081  9.847 10.217 10.851 10.705 11.034 10.866 10.768 11.058
    7.926545 0.6800000  4.3047 -1.6452  9.869 10.807 10.878 10.991 11.111  9.934 10.287 10.888 10.745 11.065 10.903 10.807 11.090
    7.963572 0.6800000  4.2962 -1.6807  9.926 10.851 10.914 11.026 11.143 10.022 10.360 10.926 10.787 11.098 10.941 10.848 11.123
    7.999270 0.6800000  4.2877 -1.7161  9.983 10.895 10.951 11.061 11.175 10.110 10.432 10.964 10.829 11.131 10.979 10.889 11.156
    8.033871 0.6800000  4.2792 -1.7515 10.041 10.940 10.987 11.095 11.207 10.199 10.505 11.002 10.871 11.165 11.018 10.930 11.189
    8.067454 0.6800000  4.2707 -1.7869 10.099 10.984 11.023 11.130 11.239 10.288 10.579 11.040 10.913 11.197 11.056 10.971 11.222
    8.100051 0.6800000  4.2622 -1.8224 10.157 11.029 11.060 11.165 11.271 10.377 10.652 11.078 10.954 11.230 11.094 11.013 11.255
    8.131717 0.6800000  4.2536 -1.8579 10.215 11.073 11.096 11.199 11.302 10.468 10.726 11.116 10.996 11.263 11.132 11.053 11.287
    8.162519 0.6800000  4.2451 -1.8934 10.273 11.117 11.131 11.233 11.333 10.559 10.800 11.154 11.037 11.295 11.169 11.094 11.319
    8.192496 0.6800000  4.2365 -1.9288 10.330 11.161 11.166 11.266 11.364 10.650 10.874 11.191 11.078 11.327 11.206 11.134 11.351
    8.221808 0.6800000  4.2279 -1.9643 10.389 11.205 11.202 11.300 11.394 10.742 10.949 11.228 11.119 11.359 11.244 11.175 11.383
    8.250520 0.6800000  4.2193 -1.9997 10.447 11.250 11.237 11.334 11.425 10.836 11.024 11.265 11.161 11.391 11.281 11.215 11.415
    8.278689 0.6800000  4.2107 -2.0352 10.506 11.295 11.273 11.368 11.456 10.931 11.100 11.303 11.203 11.423 11.319 11.256 11.447
    8.306357 0.6800000  4.2021 -2.0706 10.565 11.340 11.309 11.401 11.485 11.026 11.175 11.340 11.244 11.454 11.357 11.297 11.478
    8.333572 0.6800000  4.1935 -2.1061 10.624 11.386 11.345 11.435 11.516 11.123 11.251 11.378 11.286 11.486 11.395 11.338 11.510
    8.360349 0.6800000  4.1849 -2.1416 10.683 11.432 11.381 11.469 11.546 11.222 11.328 11.416 11.328 11.518 11.433 11.380 11.542
    8.386710 0.6800000  4.1763 -2.1770 10.741 11.478 11.417 11.503 11.575 11.324 11.405 11.454 11.370 11.549 11.471 11.422 11.573
    8.412786 0.6800000  4.1677 -2.2124 10.798 11.525 11.453 11.536 11.604 11.427 11.482 11.491 11.412 11.580 11.508 11.463 11.603
    8.438538 0.6800000  4.1591 -2.2479 10.855 11.571 11.490 11.570 11.633 11.534 11.560 11.528 11.454 11.610 11.545 11.504 11.633
    8.463974 0.6800000  4.1505 -2.2833 10.910 11.617 11.527 11.603 11.661 11.646 11.638 11.566 11.496 11.640 11.583 11.545 11.663
    8.489105 0.6800000  4.1419 -2.3188 10.963 11.663 11.563 11.635 11.688 11.767 11.717 11.602 11.537 11.669 11.620 11.585 11.692
    8.513932 0.6800000  4.1333 -2.3543 11.013 11.706 11.598 11.665 11.714 11.902 11.794 11.637 11.576 11.696 11.654 11.624 11.719
    8.538447 0.6800000  4.1246 -2.3898 11.060 11.747 11.631 11.694 11.738 12.054 11.871 11.670 11.613 11.722 11.688 11.661 11.745
    8.562706 0.6800000  4.1160 -2.4253 11.103 11.786 11.664 11.722 11.761 12.228 11.947 11.702 11.648 11.746 11.720 11.696 11.768
    8.586683 0.6800000  4.1074 -2.4607 11.145 11.825 11.697 11.749 11.783 12.422 12.024 11.733 11.684 11.769 11.751 11.731 11.792
    8.610483 0.6800000  4.0987 -2.4961 11.187 11.865 11.730 11.777 11.805 12.636 12.101 11.764 11.719 11.793 11.782 11.766 11.815
    8.634175 0.6800000  4.0901 -2.5315 11.231 11.906 11.766 11.806 11.828 12.873 12.182 11.798 11.757 11.818 11.816 11.803 11.841
    8.657813 0.6800000  4.0815 -2.5669 11.278 11.951 11.805 11.839 11.854 13.131 12.267 11.834 11.797 11.845 11.852 11.844 11.868
    8.681411 0.6800000  4.0728 -2.6023 11.330 12.000 11.848 11.875 11.883 13.400 12.356 11.874 11.842 11.876 11.892 11.888 11.898
    8.705009 0.6800000  4.0642 -2.6377 11.387 12.053 11.896 11.915 11.915 13.677 12.453 11.919 11.892 11.910 11.936 11.937 11.932
    8.728668 0.6800000  4.0556 -2.6730 11.446 12.110 11.946 11.958 11.949 13.975 12.552 11.966 11.944 11.946 11.983 11.989 11.968
    8.752423 0.6800000  4.0470 -2.7083 11.508 12.169 12.000 12.003 11.985 14.302 12.653 12.015 11.999 11.985 12.033 12.044 12.007
    8.776281 0.6800000  4.0384 -2.7436 11.573 12.232 12.058 12.051 12.025 14.650 12.758 12.068 12.057 12.026 12.086 12.103 12.048
    8.800312 0.6800000  4.0298 -2.7789 11.639 12.298 12.119 12.103 12.067 15.014 12.867 12.124 12.119 12.070 12.142 12.164 12.092
    8.824447 0.6800000  4.0213 -2.8142 11.709 12.367 12.184 12.158 12.111 15.396 12.979 12.184 12.185 12.117 12.201 12.229 12.139
    8.848590 0.6800000  4.0128 -2.8492 11.780 12.438 12.251 12.215 12.158 15.742 13.095 12.245 12.252 12.166 12.262 12.296 12.187
    8.872770 0.6800000  4.0040 -2.8851 11.854 12.515 12.323 12.276 12.208 16.083 13.217 12.311 12.324 12.218 12.327 12.367 12.239
    8.896623 0.6800000  3.9954 -2.9206 11.930 12.592 12.396 12.338 12.259 16.407 13.342 12.377 12.396 12.271 12.394 12.440 12.292
    8.920172 0.6800000  3.9867 -2.9560 12.006 12.670 12.470 12.401 12.310 16.721 13.468 12.444 12.470 12.326 12.461 12.513 12.346
    8.944021 0.6800000  3.9781 -2.9913 12.083 12.749 12.545 12.465 12.363 17.022 13.597 12.512 12.544 12.381 12.529 12.587 12.402
    8.967909 0.6800000  3.9695 -3.0266 12.161 12.829 12.620 12.530 12.416 17.346 13.730 12.580 12.619 12.437 12.597 12.662 12.457
    8.991819 0.6800000  3.9608 -3.0620 12.241 12.910 12.695 12.595 12.470 17.681 13.867 12.649 12.695 12.493 12.666 12.738 12.513
    9.015714 0.6800000  3.9522 -3.0974 12.322 12.991 12.771 12.660 12.524 18.026 14.007 12.719 12.771 12.550 12.736 12.814 12.570
    9.039688 0.6800000  3.9435 -3.1327 12.404 13.073 12.846 12.725 12.579 18.394 14.152 12.788 12.848 12.606 12.805 12.890 12.626
    9.063743 0.6800000  3.9348 -3.1681 12.488 13.156 12.922 12.791 12.633 18.777 14.302 12.858 12.925 12.663 12.875 12.966 12.683
    9.087901 0.6800000  3.9262 -3.2034 12.573 13.240 12.998 12.856 12.688 19.177 14.458 12.927 13.002 12.720 12.944 13.043 12.740
    9.112248 0.6800000  3.9175 -3.2387 12.661 13.324 13.073 12.921 12.743 19.593 14.621 12.997 13.080 12.778 13.014 13.121 12.797
    9.136774 0.6800000  3.9089 -3.2739 12.751 13.409 13.149 12.987 12.798 20.024 14.790 13.067 13.158 12.835 13.084 13.199 12.855
    9.161477 0.6800000  3.9002 -3.3092 12.843 13.495 13.225 13.052 12.853 20.465 14.968 13.138 13.236 12.893 13.155 13.277 12.912
    9.186352 0.6800000  3.8916 -3.3445 12.939 13.583 13.301 13.118 12.908 20.898 15.156 13.208 13.316 12.951 13.226 13.356 12.970
    9.211385 0.6800000  3.8829 -3.3798 13.038 13.671 13.378 13.185 12.964 21.333 15.354 13.279 13.397 13.009 13.297 13.436 13.028
    9.236565 0.6800000  3.8742 -3.4151 13.139 13.761 13.455 13.251 13.019 21.769 15.561 13.351 13.478 13.067 13.368 13.517 13.086
    9.261882 0.6800000  3.8655 -3.4504 13.245 13.853 13.533 13.318 13.075 22.174 15.784 13.423 13.561 13.126 13.440 13.598 13.144
    9.287276 0.6800000  3.8569 -3.4858 13.355 13.947 13.612 13.385 13.131 22.565 16.020 13.496 13.644 13.184 13.513 13.681 13.202
    9.312748 0.6800000  3.8481 -3.5211 13.468 14.043 13.690 13.452 13.186 22.942 16.268 13.569 13.729 13.243 13.586 13.765 13.261
    9.338224 0.6800000  3.8395 -3.5565 13.587 14.141 13.770 13.520 13.243 23.310 16.533 13.643 13.815 13.302 13.660 13.850 13.320
    9.363608 0.6800000  3.8308 -3.5919 13.712 14.241 13.852 13.589 13.299 23.668 16.817 13.717 13.903 13.361 13.734 13.936 13.379
    9.388979 0.6800000  3.8220 -3.6273 13.842 14.344 13.934 13.658 13.356 24.016 17.118 13.792 13.991 13.421 13.810 14.024 13.439
    9.414865 0.6800000  3.8134 -3.6626 13.977 14.448 14.017 13.727 13.413 24.352 17.433 13.867 14.081 13.481 13.886 14.113 13.498
    9.444962 0.6800000  3.8046 -3.6981 14.124 14.558 14.102 13.799 13.472 24.697 17.760 13.945 14.175 13.542 13.964 14.205 13.559
    9.476455 0.6800000  3.7960 -3.7332 14.276 14.670 14.188 13.871 13.531 25.038 18.097 14.024 14.269 13.604 14.043 14.298 13.621
    9.507488 0.6800000  3.7877 -3.7669 14.430 14.780 14.272 13.940 13.588 25.362 18.432 14.100 14.362 13.664 14.119 14.390 13.681
    9.536890 0.6800000  3.7798 -3.7991 14.583 14.888 14.353 14.008 13.643 25.670 18.763 14.174 14.452 13.722 14.193 14.478 13.738
    9.565013 0.6800000  3.7722 -3.8299 14.736 14.996 14.434 14.075 13.698 25.963 19.068 14.247 14.541 13.780 14.267 14.566 13.796
    9.590542 0.6800000  3.7649 -3.8594 14.889 15.103 14.513 14.141 13.752 26.242 19.354 14.319 14.628 13.836 14.338 14.652 13.852
    9.614092 0.6800000  3.7580 -3.8876 15.041 15.208 14.591 14.205 13.804 26.507 19.627 14.389 14.713 13.892 14.408 14.736 13.907
    9.637303 0.6800000  3.7517 -3.9138 15.185 15.307 14.663 14.266 13.854 26.748 19.875 14.455 14.793 13.944 14.474 14.815 13.960
    9.658569 0.6800000  3.7454 -3.9401 15.334 15.409 14.738 14.328 13.906 26.991 20.127 14.522 14.875 13.998 14.541 14.896 14.013
    9.678997 0.6800000  3.7391 -3.9646 15.480 15.508 14.810 14.387 13.954 27.231 20.367 14.586 14.954 14.048 14.605 14.974 14.064
    9.698608 0.6800000  3.7339 -3.9863 15.604 15.596 14.874 14.440 13.998 27.465 20.569 14.643 15.024 14.094 14.663 15.043 14.110
    9.718037 0.6800000  3.7284 -4.0089 15.737 15.689 14.942 14.497 14.044 27.722 20.781 14.703 15.097 14.143 14.723 15.116 14.158
    9.736491 0.6800000  3.7229 -4.0314 15.871 15.784 15.012 14.554 14.091 27.988 20.993 14.764 15.172 14.192 14.784 15.190 14.207
    9.752813 0.6800000  3.7184 -4.0496 15.980 15.862 15.068 14.601 14.129 28.206 21.164 14.814 15.233 14.233 14.834 15.250 14.248
    9.766625 0.6800000  3.7143 -4.0666 16.081 15.934 15.121 14.644 14.165 28.416 21.329 14.860 15.289 14.270 14.880 15.307 14.285
    9.782030 0.6800000  3.7102 -4.0835 16.183 16.008 15.173 14.688 14.201 28.631 21.496 14.907 15.346 14.308 14.927 15.363 14.322
    9.797682 0.6800000  3.7065 -4.0986 16.275 16.074 15.221 14.727 14.233 28.827 21.647 14.948 15.397 14.342 14.968 15.413 14.356
    9.812737 0.6800000  3.7035 -4.1111 16.351 16.128 15.260 14.760 14.260 28.992 21.773 14.983 15.439 14.370 15.003 15.455 14.384
    9.827258 0.6800000  3.7008 -4.1226 16.421 16.179 15.296 14.790 14.284 29.146 21.889 15.014 15.478 14.396 15.034 15.494 14.410
    9.841086 0.6800000  3.6981 -4.1335 16.488 16.228 15.331 14.818 14.308 29.307 22.002 15.045 15.515 14.420 15.065 15.531 14.434
    9.853374 0.6800000  3.6954 -4.1447 16.556 16.277 15.366 14.847 14.332 29.505 22.119 15.075 15.553 14.445 15.095 15.568 14.459
    9.866305 0.6800000  3.6929 -4.1551 16.620 16.323 15.399 14.874 14.354 29.701 22.229 15.104 15.588 14.469 15.124 15.603 14.483
    9.878835 0.6800000  3.6905 -4.1651 16.682 16.367 15.430 14.900 14.375 29.897 22.336 15.131 15.621 14.491 15.152 15.636 14.505
    9.890242 0.6800000  3.6884 -4.1737 16.734 16.405 15.457 14.923 14.394 30.072 22.427 15.155 15.650 14.511 15.175 15.665 14.524
    9.901671 0.6800000  3.6865 -4.1817 16.784 16.441 15.483 14.944 14.411 30.241 22.514 15.177 15.677 14.529 15.197 15.692 14.542
    9.912232 0.6800000  3.6847 -4.1894 16.831 16.475 15.507 14.964 14.428 30.410 22.598 15.198 15.703 14.546 15.218 15.718 14.559
    9.922974 0.6800000  3.6829 -4.1968 16.877 16.508 15.531 14.983 14.444 30.578 22.679 15.218 15.728 14.562 15.239 15.742 14.576
    9.932850 0.6800000  3.6812 -4.2040 16.921 16.540 15.554 15.002 14.459 30.745 22.758 15.238 15.752 14.579 15.259 15.766 14.592
    9.942485 0.6800000  3.6799 -4.2095 16.955 16.565 15.571 15.016 14.471 30.876 22.819 15.253 15.771 14.591 15.274 15.785 14.604
    9.952319 0.6800000  3.6786 -4.2150 16.989 16.589 15.589 15.031 14.483 31.007 22.880 15.268 15.789 14.603 15.289 15.803 14.617
    9.961355 0.6800000  3.6773 -4.2205 17.023 16.614 15.606 15.045 14.495 31.143 22.941 15.283 15.807 14.616 15.304 15.822 14.629
    9.970155 0.6800000  3.6760 -4.2260 17.057 16.638 15.623 15.059 14.506 31.297 23.002 15.298 15.826 14.628 15.319 15.840 14.641
    9.978721 0.6800000  3.6746 -4.2315 17.091 16.662 15.640 15.073 14.518 31.470 23.061 15.313 15.844 14.640 15.334 15.858 14.653
    9.987055 0.6800000  3.6733 -4.2370 17.125 16.687 15.657 15.087 14.529 31.650 23.121 15.327 15.862 14.652 15.348 15.876 14.665
    9.995195 0.6800000  3.6716 -4.2439 17.168 16.717 15.679 15.105 14.544 31.881 23.196 15.346 15.884 14.667 15.366 15.898 14.680
   10.003147 0.6800000  3.6679 -4.2589 17.261 16.784 15.725 15.142 14.574 32.427 23.360 15.385 15.933 14.699 15.406 15.947 14.712
   10.010920 0.6800000  3.6642 -4.2736 17.354 16.849 15.770 15.179 14.604 33.011 23.522 15.423 15.981 14.731 15.444 15.994 14.744
   10.018126 0.6800000  3.6616 -4.2843 17.420 16.896 15.802 15.205 14.626 33.458 23.639 15.451 16.015 14.754 15.472 16.028 14.766
   10.025488 0.6800000  3.6597 -4.2922 17.469 16.930 15.826 15.224 14.642 33.803 23.725 15.471 16.041 14.771 15.492 16.053 14.783
   10.032381 0.6800000  3.6577 -4.3002 17.519 16.965 15.850 15.244 14.658 34.163 23.812 15.491 16.066 14.787 15.512 16.078 14.800
   10.039148 0.6800000  3.6557 -4.3082 17.568 17.000 15.874 15.263 14.674 34.538 23.899 15.512 16.091 14.804 15.532 16.103 14.816
   10.045790 0.6800000  3.6537 -4.3163 17.618 17.036 15.898 15.283 14.690 34.929 23.987 15.532 16.117 14.821 15.553 16.129 14.833
   10.052305 0.6800000  3.6517 -4.3246 17.669 17.071 15.922 15.302 14.706 35.285 24.077 15.553 16.142 14.838 15.573 16.154 14.850
   10.058712 0.6800000  3.6496 -4.3330 17.719 17.107 15.946 15.322 14.722 35.628 24.168 15.573 16.168 14.855 15.594 16.179 14.867
   10.064805 0.6800000  3.6475 -4.3416 17.769 17.143 15.971 15.342 14.739 35.978 24.261 15.594 16.194 14.873 15.614 16.205 14.884
   10.070975 0.6800000  3.6454 -4.3502 17.820 17.179 15.995 15.362 14.755 36.333 24.355 15.614 16.219 14.890 15.635 16.230 14.901
   10.076857 0.6800000  3.6433 -4.3591 17.872 17.215 16.020 15.382 14.772 36.697 24.451 15.636 16.246 14.907 15.656 16.256 14.919
   10.082641 0.6800000  3.6410 -4.3683 17.926 17.253 16.046 15.403 14.790 37.081 24.551 15.657 16.273 14.925 15.678 16.283 14.937
   10.088378 0.6800000  3.6387 -4.3777 17.980 17.292 16.072 15.424 14.807 37.472 24.654 15.679 16.300 14.943 15.699 16.310 14.955
   10.093739 0.6800000  3.6363 -4.3874 18.036 17.331 16.099 15.445 14.825 37.877 24.759 15.701 16.328 14.962 15.722 16.338 14.974
   10.098972 0.6800000  3.6339 -4.3974 18.093 17.372 16.126 15.467 14.843 38.295 24.868 15.724 16.356 14.981 15.744 16.366 14.993
   10.104353 0.6800000  3.6313 -4.4078 18.153 17.414 16.154 15.489 14.862 38.737 24.982 15.748 16.385 15.000 15.768 16.395 15.012
   10.109776 0.6800000  3.6286 -4.4187 18.214 17.457 16.183 15.512 14.881 39.198 25.100 15.772 16.415 15.020 15.792 16.425 15.032
   10.114804 0.6800000  3.6258 -4.4299 18.275 17.501 16.212 15.536 14.901 39.583 25.214 15.796 16.446 15.041 15.816 16.455 15.053
   10.119942 0.6800000  3.6230 -4.4414 18.337 17.545 16.242 15.560 14.921 39.956 25.329 15.821 16.476 15.062 15.841 16.486 15.074
   10.125017 0.6800000  3.6200 -4.4536 18.402 17.591 16.273 15.584 14.942 40.328 25.448 15.847 16.508 15.084 15.867 16.518 15.095
   10.129872 0.6800000  3.6169 -4.4660 18.467 17.637 16.304 15.609 14.963 40.686 25.568 15.873 16.540 15.105 15.893 16.549 15.117
   10.134679 0.6800000  3.6137 -4.4788 18.533 17.684 16.335 15.634 14.985 41.032 25.689 15.899 16.572 15.128 15.919 16.582 15.140
   10.139437 0.6800000  3.6068 -4.4951 18.645 17.756 16.374 15.660 15.003 41.657 25.914 15.927 16.613 15.148 15.947 16.622 15.159
   10.144140 0.6800000  3.6055 -4.5056 18.684 17.787 16.399 15.682 15.024 41.793 25.974 15.949 16.638 15.169 15.970 16.647 15.181
   10.148828 0.6800000  3.6037 -4.5177 18.731 17.824 16.427 15.707 15.047 41.964 26.051 15.975 16.666 15.193 15.995 16.675 15.204
   10.153357 0.6800000  3.6014 -4.5308 18.785 17.865 16.457 15.734 15.071 42.164 26.141 16.002 16.697 15.217 16.023 16.706 15.229
   10.157912 0.6800000  3.5987 -4.5448 18.844 17.910 16.490 15.761 15.097 42.411 26.244 16.031 16.730 15.243 16.051 16.739 15.255
   10.162350 0.6800000  3.5958 -4.5592 18.907 17.956 16.522 15.789 15.122 42.669 26.353 16.060 16.764 15.270 16.080 16.773 15.281
   10.166742 0.6800000  3.5897 -4.5757 19.000 18.019 16.558 15.814 15.143 43.134 26.539 16.087 16.800 15.292 16.108 16.809 15.303
   10.171091 0.6800000  3.5867 -4.5879 19.055 18.058 16.584 15.836 15.163 43.359 26.640 16.110 16.828 15.312 16.130 16.836 15.323
   10.175322 0.6800000  3.5834 -4.6011 19.114 18.101 16.613 15.859 15.185 43.588 26.747 16.134 16.856 15.334 16.155 16.865 15.345
   10.179513 0.6800000  3.5800 -4.6147 19.173 18.144 16.641 15.883 15.207 43.811 26.855 16.159 16.886 15.357 16.180 16.894 15.368
   10.183662 0.6800000  3.5739 -4.6391 19.276 18.219 16.692 15.924 15.247 44.175 27.044 16.203 16.937 15.397 16.223 16.945 15.408
   10.187772 0.6800000  3.5679 -4.6633 19.377 18.292 16.741 15.965 15.288 44.572 27.230 16.248 16.987 15.438 16.267 16.995 15.449
   10.191849 0.6800000  3.5632 -4.6820 19.454 18.348 16.778 15.996 15.320 44.865 27.369 16.282 17.024 15.470 16.301 17.032 15.481
   10.195882 0.6800000  3.5585 -4.7011 19.530 18.403 16.815 16.028 15.353 45.154 27.508 16.316 17.062 15.503 16.335 17.069 15.513
   10.199881 0.6800000  3.5537 -4.7205 19.606 18.457 16.852 16.059 15.387 45.437 27.646 16.351 17.099 15.537 16.369 17.106 15.547
   10.203840 0.6800000  3.5487 -4.7404 19.681 18.512 16.889 16.091 15.423 45.714 27.784 16.387 17.136 15.571 16.404 17.143 15.581
   10.207767 0.6800000  3.5437 -4.7605 19.756 18.566 16.926 16.123 15.459 45.985 27.921 16.422 17.173 15.607 16.439 17.180 15.616
   10.211660 0.6800000  3.5385 -4.7813 19.833 18.621 16.963 16.157 15.499 46.269 28.060 16.460 17.210 15.645 16.477 17.217 15.655
   10.215519 0.6800000  3.5333 -4.8024 19.910 18.677 17.001 16.190 15.542 46.549 28.199 16.499 17.247 15.685 16.515 17.254 15.695
   10.219336 0.6800000  3.5278 -4.8241 19.987 18.732 17.038 16.224 15.587 46.829 28.338 16.538 17.284 15.726 16.554 17.291 15.736
   10.223123 0.6800000  3.5223 -4.8463 20.065 18.788 17.075 16.259 15.634 47.107 28.477 16.579 17.322 15.770 16.595 17.328 15.780
   10.226878 0.6800000  3.5167 -4.8689 20.142 18.843 17.112 16.294 15.683 47.383 28.616 16.621 17.358 15.815 16.636 17.365 15.825
   10.230601 0.6800000  3.5109 -4.8922 20.219 18.899 17.149 16.330 15.736 47.656 28.754 16.664 17.395 15.863 16.679 17.402 15.873
   10.234303 0.6800000  3.5050 -4.9157 20.296 18.954 17.187 16.368 15.793 47.928 28.891 16.709 17.433 15.913 16.724 17.439 15.923
   10.237950 0.6800000  3.4990 -4.9399 20.373 19.010 17.224 16.407 15.854 48.198 29.028 16.756 17.470 15.966 16.771 17.476 15.977
   10.241582 0.6800000  3.4929 -4.9643 20.449 19.065 17.262 16.447 15.918 48.463 29.162 16.804 17.508 16.021 16.819 17.513 16.032
   10.245187 0.6800000  3.4866 -4.9893 20.525 19.120 17.299 16.487 15.987 48.725 29.296 16.854 17.545 16.079 16.868 17.551 16.091
