#   log(t)      Mwd  log(Teff) log(L/Lo)  U     B      V      R     I      FUV     NUV     G2    BP2    RP2    G3     BP3    RP3 
    6.473218 0.5400000  4.7824  0.7359  6.426  7.733  8.056  8.210  8.408  5.817  6.462  7.992  7.730  8.326  8.001  7.819  8.353
    6.476774 0.5400000  4.7861  0.7539  6.408  7.716  8.040  8.194  8.392  5.798  6.444  7.976  7.713  8.309  7.984  7.802  8.337
    6.479132 0.5400000  4.7869  0.7559  6.410  7.718  8.041  8.196  8.393  5.798  6.445  7.977  7.715  8.311  7.986  7.804  8.338
    6.482645 0.5400000  4.7860  0.7492  6.420  7.727  8.051  8.205  8.403  5.809  6.455  7.987  7.725  8.321  7.996  7.814  8.348
    6.487862 0.5400000  4.7830  0.7318  6.441  7.748  8.071  8.225  8.423  5.832  6.477  8.007  7.745  8.341  8.016  7.834  8.368
    6.491430 0.5400000  4.7806  0.7183  6.456  7.763  8.086  8.240  8.437  5.849  6.493  8.022  7.760  8.355  8.031  7.849  8.382
    6.494572 0.5400000  4.7783  0.7058  6.470  7.777  8.099  8.253  8.451  5.864  6.508  8.035  7.774  8.369  8.044  7.863  8.396
    6.497564 0.5400000  4.7761  0.6936  6.484  7.790  8.112  8.266  8.463  5.879  6.523  8.049  7.787  8.381  8.058  7.876  8.408
    6.500485 0.5400000  4.7739  0.6815  6.498  7.803  8.125  8.279  8.476  5.894  6.537  8.061  7.800  8.394  8.071  7.889  8.421
    6.503375 0.5400000  4.7717  0.6696  6.511  7.816  8.137  8.291  8.488  5.908  6.550  8.074  7.812  8.406  8.083  7.901  8.433
    6.506257 0.5400000  4.7694  0.6577  6.524  7.828  8.150  8.304  8.500  5.923  6.564  8.086  7.825  8.419  8.095  7.914  8.446
    6.509145 0.5400000  4.7672  0.6458  6.537  7.841  8.162  8.316  8.513  5.937  6.578  8.099  7.838  8.431  8.108  7.927  8.458
    6.512047 0.5400000  4.7650  0.6340  6.550  7.853  8.174  8.328  8.525  5.951  6.591  8.111  7.850  8.443  8.120  7.939  8.470
    6.514966 0.5400000  4.7628  0.6221  6.563  7.866  8.187  8.340  8.537  5.966  6.605  8.123  7.863  8.455  8.133  7.951  8.482
    6.517909 0.5400000  4.7605  0.6103  6.576  7.878  8.198  8.352  8.549  5.980  6.619  8.136  7.875  8.467  8.145  7.964  8.494
    6.520870 0.5400000  4.7583  0.5985  6.589  7.891  8.210  8.364  8.560  5.994  6.632  8.148  7.887  8.479  8.157  7.976  8.506
    6.523850 0.5400000  4.7561  0.5867  6.601  7.903  8.222  8.376  8.572  6.008  6.645  8.160  7.899  8.490  8.169  7.988  8.518
    6.526858 0.5400000  4.7538  0.5748  6.614  7.916  8.234  8.388  8.584  6.022  6.659  8.172  7.912  8.502  8.181  8.000  8.530
    6.529892 0.5400000  4.7516  0.5630  6.627  7.928  8.246  8.400  8.596  6.037  6.672  8.184  7.924  8.514  8.193  8.012  8.542
    6.532955 0.5400000  4.7493  0.5512  6.640  7.940  8.258  8.412  8.608  6.051  6.686  8.196  7.936  8.526  8.205  8.024  8.553
    6.536048 0.5400000  4.7470  0.5394  6.652  7.952  8.270  8.423  8.619  6.065  6.699  8.208  7.948  8.538  8.217  8.037  8.565
    6.539165 0.5400000  4.7448  0.5276  6.665  7.964  8.282  8.435  8.631  6.079  6.712  8.220  7.960  8.549  8.229  8.048  8.577
    6.542309 0.5400000  4.7425  0.5158  6.677  7.976  8.293  8.447  8.643  6.092  6.725  8.231  7.972  8.561  8.240  8.060  8.588
    6.545479 0.5400000  4.7402  0.5040  6.690  7.989  8.305  8.458  8.654  6.106  6.739  8.243  7.984  8.572  8.252  8.072  8.600
    6.548673 0.5400000  4.7379  0.4921  6.703  8.001  8.317  8.470  8.666  6.121  6.752  8.255  7.996  8.584  8.264  8.084  8.612
    6.551892 0.5400000  4.7356  0.4804  6.715  8.013  8.328  8.481  8.677  6.134  6.765  8.267  8.008  8.595  8.276  8.096  8.623
    6.555143 0.5400000  4.7333  0.4685  6.728  8.025  8.340  8.493  8.689  6.149  6.779  8.279  8.020  8.607  8.288  8.108  8.635
    6.558420 0.5400000  4.7310  0.4567  6.740  8.037  8.351  8.505  8.700  6.163  6.792  8.291  8.032  8.619  8.300  8.120  8.646
    6.561726 0.5400000  4.7287  0.4449  6.753  8.049  8.363  8.516  8.712  6.176  6.805  8.302  8.044  8.630  8.311  8.132  8.658
    6.565060 0.5400000  4.7264  0.4331  6.765  8.061  8.374  8.528  8.723  6.190  6.818  8.314  8.056  8.642  8.323  8.144  8.669
    6.568414 0.5400000  4.7241  0.4212  6.778  8.073  8.386  8.539  8.734  6.204  6.831  8.326  8.068  8.653  8.335  8.156  8.681
    6.571783 0.5400000  4.7218  0.4094  6.790  8.085  8.397  8.551  8.746  6.218  6.845  8.337  8.080  8.665  8.346  8.167  8.692
    6.575175 0.5400000  4.7194  0.3976  6.803  8.097  8.409  8.562  8.757  6.232  6.858  8.349  8.092  8.676  8.358  8.179  8.703
    6.578594 0.5400000  4.7171  0.3858  6.815  8.108  8.420  8.573  8.768  6.246  6.871  8.360  8.104  8.687  8.369  8.191  8.715
    6.582039 0.5400000  4.7148  0.3740  6.827  8.120  8.432  8.585  8.779  6.260  6.884  8.372  8.115  8.699  8.381  8.203  8.726
    6.585511 0.5400000  4.7124  0.3621  6.840  8.132  8.443  8.596  8.791  6.274  6.897  8.384  8.127  8.710  8.393  8.214  8.737
    6.589004 0.5400000  4.7101  0.3503  6.852  8.144  8.454  8.607  8.802  6.288  6.910  8.395  8.139  8.721  8.404  8.226  8.748
    6.592515 0.5400000  4.7077  0.3384  6.865  8.156  8.466  8.619  8.813  6.302  6.923  8.407  8.151  8.733  8.416  8.238  8.760
    6.596039 0.5400000  4.7054  0.3266  6.877  8.168  8.477  8.630  8.824  6.316  6.936  8.418  8.162  8.744  8.427  8.249  8.771
    6.599586 0.5400000  4.7030  0.3148  6.889  8.179  8.488  8.641  8.835  6.330  6.949  8.429  8.174  8.755  8.438  8.261  8.782
    6.603154 0.5400000  4.7006  0.3029  6.902  8.191  8.500  8.652  8.846  6.344  6.963  8.441  8.186  8.766  8.450  8.273  8.793
    6.606740 0.5400000  4.6982  0.2911  6.914  8.203  8.511  8.663  8.857  6.357  6.976  8.452  8.197  8.777  8.461  8.284  8.804
    6.610351 0.5400000  4.6958  0.2793  6.926  8.214  8.522  8.674  8.868  6.371  6.989  8.463  8.209  8.788  8.472  8.295  8.815
    6.613984 0.5400000  4.6935  0.2675  6.938  8.226  8.533  8.686  8.879  6.385  7.001  8.475  8.220  8.799  8.484  8.307  8.826
    6.617639 0.5400000  4.6911  0.2556  6.951  8.238  8.544  8.697  8.890  6.399  7.015  8.486  8.232  8.810  8.495  8.319  8.837
    6.621316 0.5400000  4.6887  0.2438  6.963  8.249  8.555  8.708  8.901  6.413  7.028  8.497  8.243  8.821  8.506  8.330  8.848
    6.625013 0.5400000  4.6862  0.2319  6.975  8.261  8.566  8.719  8.912  6.427  7.041  8.509  8.255  8.832  8.518  8.342  8.859
    6.628709 0.5400000  4.6838  0.2201  6.987  8.272  8.577  8.730  8.923  6.440  7.054  8.520  8.266  8.843  8.529  8.353  8.870
    6.632425 0.5400000  4.6814  0.2082  7.000  8.284  8.589  8.741  8.934  6.454  7.067  8.531  8.278  8.854  8.540  8.365  8.881
    6.636162 0.5400000  4.6790  0.1964  7.012  8.296  8.600  8.752  8.945  6.468  7.080  8.542  8.289  8.865  8.551  8.376  8.892
    6.639922 0.5400000  4.6766  0.1846  7.024  8.307  8.611  8.763  8.955  6.482  7.093  8.554  8.301  8.876  8.563  8.387  8.903
    6.643702 0.5400000  4.6741  0.1727  7.036  8.319  8.622  8.774  8.966  6.496  7.106  8.565  8.312  8.887  8.574  8.399  8.914
    6.647502 0.5400000  4.6717  0.1609  7.048  8.330  8.633  8.784  8.977  6.510  7.119  8.576  8.323  8.898  8.585  8.410  8.925
    6.651321 0.5400000  4.6692  0.1491  7.060  8.341  8.643  8.795  8.988  6.523  7.132  8.587  8.335  8.908  8.596  8.421  8.935
    6.655154 0.5400000  4.6668  0.1372  7.073  8.353  8.654  8.806  8.999  6.537  7.145  8.598  8.346  8.919  8.607  8.433  8.946
    6.659006 0.5400000  4.6643  0.1254  7.085  8.364  8.665  8.817  9.009  6.551  7.158  8.609  8.357  8.930  8.618  8.444  8.957
    6.662868 0.5400000  4.6618  0.1135  7.097  8.376  8.676  8.828  9.020  6.565  7.171  8.620  8.368  8.941  8.629  8.455  8.968
    6.666734 0.5400000  4.6593  0.1016  7.109  8.387  8.687  8.838  9.031  6.579  7.184  8.631  8.380  8.951  8.640  8.466  8.978
    6.670613 0.5400000  4.6568  0.0897  7.121  8.399  8.698  8.849  9.041  6.593  7.197  8.642  8.391  8.962  8.651  8.477  8.989
    6.674492 0.5400000  4.6543  0.0778  7.133  8.410  8.708  8.860  9.052  6.606  7.210  8.653  8.402  8.972  8.662  8.488  8.999
    6.678367 0.5400000  4.6518  0.0659  7.145  8.421  8.719  8.870  9.062  6.620  7.223  8.664  8.413  8.983  8.673  8.500  9.010
    6.682236 0.5400000  4.6493  0.0541  7.157  8.432  8.729  8.881  9.073  6.634  7.236  8.675  8.424  8.993  8.684  8.511  9.020
    6.686139 0.5400000  4.6467  0.0423  7.169  8.444  8.740  8.891  9.083  6.648  7.249  8.686  8.435  9.004  8.695  8.522  9.031
    6.690066 0.5400000  4.6442  0.0305  7.181  8.455  8.751  8.902  9.093  6.662  7.262  8.697  8.446  9.014  8.705  8.533  9.041
    6.694027 0.5400000  4.6417  0.0187  7.193  8.466  8.761  8.912  9.104  6.676  7.275  8.708  8.458  9.025  8.716  8.544  9.052
    6.698026 0.5400000  4.6392  0.0069  7.205  8.478  8.772  8.923  9.114  6.690  7.288  8.718  8.469  9.035  8.727  8.555  9.062
    6.702045 0.5400000  4.6367 -0.0049  7.218  8.489  8.783  8.934  9.125  6.704  7.301  8.729  8.480  9.046  8.738  8.566  9.073
    6.706092 0.5400000  4.6341 -0.0167  7.230  8.500  8.793  8.944  9.135  6.718  7.315  8.740  8.491  9.056  8.749  8.577  9.083
    6.710159 0.5400000  4.6316 -0.0285  7.242  8.512  8.804  8.955  9.146  6.732  7.328  8.751  8.503  9.067  8.760  8.589  9.094
    6.714260 0.5400000  4.6291 -0.0403  7.254  8.523  8.815  8.966  9.156  6.747  7.341  8.762  8.514  9.078  8.771  8.600  9.105
    6.718383 0.5400000  4.6265 -0.0521  7.267  8.535  8.826  8.976  9.167  6.761  7.355  8.773  8.525  9.088  8.782  8.611  9.115
    6.722542 0.5400000  4.6240 -0.0640  7.279  8.546  8.837  8.987  9.177  6.775  7.368  8.785  8.537  9.099  8.794  8.623  9.126
    6.726724 0.5400000  4.6215 -0.0758  7.292  8.558  8.848  8.998  9.188  6.790  7.382  8.796  8.548  9.110  8.805  8.634  9.137
    6.730934 0.5400000  4.6189 -0.0875  7.304  8.569  8.858  9.009  9.198  6.804  7.395  8.807  8.559  9.120  8.816  8.645  9.147
    6.735180 0.5400000  4.6164 -0.0993  7.317  8.581  8.869  9.020  9.209  6.819  7.409  8.818  8.571  9.131  8.827  8.656  9.158
    6.739470 0.5400000  4.6139 -0.1111  7.329  8.593  8.880  9.030  9.220  6.833  7.423  8.829  8.582  9.142  8.838  8.668  9.169
    6.743792 0.5400000  4.6113 -0.1229  7.342  8.604  8.891  9.041  9.230  6.848  7.436  8.840  8.594  9.153  8.849  8.679  9.180
    6.748144 0.5400000  4.6087 -0.1347  7.355  8.616  8.902  9.052  9.241  6.862  7.450  8.851  8.605  9.163  8.860  8.691  9.190
    6.752507 0.5400000  4.6062 -0.1466  7.367  8.628  8.913  9.063  9.252  6.877  7.464  8.863  8.617  9.174  8.872  8.702  9.201
    6.756893 0.5400000  4.6037 -0.1584  7.380  8.639  8.924  9.074  9.262  6.892  7.478  8.874  8.629  9.185  8.883  8.714  9.212
    6.761309 0.5400000  4.6011 -0.1702  7.393  8.651  8.935  9.085  9.273  6.907  7.492  8.885  8.641  9.196  8.895  8.725  9.223
    6.765754 0.5400000  4.5985 -0.1820  7.407  8.664  8.947  9.096  9.284  6.922  7.507  8.897  8.653  9.207  8.906  8.738  9.234
    6.770227 0.5400000  4.5960 -0.1938  7.420  8.676  8.958  9.108  9.295  6.938  7.521  8.909  8.665  9.218  8.918  8.750  9.246
    6.774728 0.5400000  4.5934 -0.2055  7.433  8.688  8.970  9.119  9.306  6.953  7.536  8.921  8.677  9.230  8.930  8.762  9.257
    6.779279 0.5400000  4.5909 -0.2173  7.447  8.701  8.981  9.131  9.318  6.969  7.551  8.933  8.689  9.241  8.942  8.774  9.268
    6.783867 0.5400000  4.5883 -0.2291  7.461  8.713  8.993  9.142  9.329  6.985  7.565  8.945  8.702  9.253  8.954  8.786  9.280
    6.788484 0.5400000  4.5857 -0.2409  7.475  8.726  9.005  9.154  9.340  7.001  7.580  8.957  8.714  9.264  8.966  8.798  9.291
    6.793124 0.5400000  4.5832 -0.2527  7.489  8.739  9.016  9.166  9.352  7.017  7.596  8.969  8.727  9.276  8.978  8.811  9.303
    6.797786 0.5400000  4.5806 -0.2645  7.503  8.751  9.028  9.177  9.363  7.033  7.611  8.981  8.739  9.287  8.990  8.823  9.314
    6.802472 0.5400000  4.5781 -0.2763  7.517  8.764  9.040  9.189  9.375  7.049  7.626  8.993  8.752  9.299  9.002  8.836  9.326
    6.807192 0.5400000  4.5755 -0.2881  7.531  8.777  9.052  9.201  9.387  7.065  7.642  9.005  8.765  9.311  9.015  8.849  9.338
    6.811939 0.5400000  4.5729 -0.2998  7.545  8.790  9.064  9.213  9.398  7.082  7.657  9.018  8.777  9.323  9.027  8.861  9.350
    6.816743 0.5400000  4.5704 -0.3116  7.560  8.803  9.076  9.225  9.410  7.098  7.673  9.030  8.790  9.335  9.040  8.874  9.362
    6.821598 0.5400000  4.5678 -0.3234  7.574  8.816  9.089  9.237  9.422  7.115  7.689  9.043  8.803  9.347  9.052  8.887  9.374
    6.826493 0.5400000  4.5652 -0.3351  7.589  8.829  9.101  9.249  9.434  7.131  7.704  9.055  8.816  9.358  9.065  8.900  9.386
    6.831419 0.5400000  4.5626 -0.3470  7.604  8.843  9.113  9.261  9.446  7.148  7.720  9.068  8.830  9.371  9.078  8.913  9.398
    6.836371 0.5400000  4.5601 -0.3587  7.618  8.856  9.125  9.273  9.458  7.165  7.736  9.080  8.843  9.383  9.090  8.926  9.410
    6.841355 0.5400000  4.5575 -0.3705  7.633  8.869  9.138  9.286  9.470  7.182  7.753  9.093  8.856  9.395  9.103  8.939  9.422
    6.846371 0.5400000  4.5549 -0.3823  7.648  8.883  9.150  9.298  9.482  7.199  7.769  9.106  8.869  9.407  9.116  8.952  9.434
    6.851437 0.5400000  4.5524 -0.3940  7.663  8.896  9.163  9.311  9.494  7.217  7.785  9.119  8.883  9.419  9.129  8.966  9.447
    6.856565 0.5400000  4.5498 -0.4058  7.679  8.910  9.176  9.323  9.506  7.234  7.802  9.132  8.896  9.432  9.142  8.979  9.459
    6.861733 0.5400000  4.5472 -0.4175  7.694  8.924  9.188  9.336  9.518  7.251  7.818  9.145  8.910  9.444  9.155  8.992  9.471
    6.866937 0.5400000  4.5446 -0.4293  7.709  8.938  9.201  9.348  9.531  7.269  7.835  9.158  8.923  9.457  9.168  9.006  9.484
    6.872171 0.5400000  4.5420 -0.4411  7.726  8.952  9.214  9.361  9.544  7.287  7.853  9.172  8.938  9.470  9.182  9.020  9.497
    6.877431 0.5400000  4.5395 -0.4529  7.743  8.967  9.228  9.375  9.557  7.306  7.871  9.186  8.952  9.483  9.196  9.035  9.510
    6.882723 0.5400000  4.5369 -0.4647  7.760  8.982  9.242  9.388  9.570  7.326  7.889  9.200  8.967  9.497  9.210  9.049  9.524
    6.888055 0.5400000  4.5343 -0.4764  7.777  8.997  9.255  9.402  9.583  7.345  7.908  9.214  8.982  9.510  9.224  9.064  9.537
    6.893426 0.5400000  4.5317 -0.4882  7.794  9.013  9.269  9.416  9.597  7.364  7.927  9.228  8.997  9.524  9.239  9.079  9.551
    6.898833 0.5400000  4.5291 -0.5000  7.812  9.028  9.283  9.430  9.610  7.384  7.946  9.243  9.012  9.537  9.253  9.094  9.564
    6.904281 0.5400000  4.5265 -0.5117  7.830  9.043  9.297  9.444  9.624  7.404  7.965  9.258  9.027  9.551  9.268  9.109  9.578
    6.909772 0.5400000  4.5239 -0.5235  7.848  9.059  9.312  9.458  9.638  7.424  7.985  9.272  9.043  9.565  9.283  9.124  9.592
    6.915301 0.5400000  4.5213 -0.5352  7.866  9.075  9.326  9.472  9.651  7.444  8.004  9.287  9.059  9.579  9.298  9.140  9.606
    6.920878 0.5400000  4.5187 -0.5470  7.884  9.091  9.340  9.486  9.666  7.465  8.024  9.302  9.074  9.593  9.313  9.155  9.620
    6.926498 0.5400000  4.5161 -0.5587  7.903  9.107  9.355  9.501  9.679  7.485  8.044  9.317  9.090  9.607  9.328  9.171  9.634
    6.932162 0.5400000  4.5136 -0.5705  7.921  9.124  9.370  9.515  9.694  7.506  8.065  9.333  9.106  9.622  9.343  9.187  9.649
    6.937868 0.5400000  4.5110 -0.5822  7.940  9.140  9.384  9.530  9.708  7.527  8.085  9.348  9.122  9.636  9.359  9.203  9.663
    6.943620 0.5400000  4.5084 -0.5940  7.960  9.157  9.400  9.545  9.722  7.549  8.106  9.364  9.139  9.651  9.374  9.219  9.678
    6.949420 0.5400000  4.5057 -0.6057  7.979  9.173  9.414  9.560  9.737  7.570  8.127  9.379  9.155  9.666  9.390  9.235  9.692
    6.955266 0.5400000  4.5031 -0.6175  7.998  9.190  9.430  9.575  9.752  7.592  8.148  9.395  9.172  9.680  9.406  9.252  9.707
    6.961160 0.5400000  4.5005 -0.6292  8.018  9.207  9.445  9.590  9.766  7.614  8.169  9.411  9.188  9.695  9.422  9.268  9.722
    6.967103 0.5400000  4.4979 -0.6410  8.038  9.224  9.460  9.605  9.781  7.636  8.191  9.427  9.205  9.710  9.438  9.285  9.737
    6.973090 0.5400000  4.4953 -0.6527  8.058  9.241  9.476  9.620  9.796  7.658  8.213  9.443  9.222  9.725  9.454  9.301  9.752
    6.979121 0.5400000  4.4927 -0.6645  8.078  9.259  9.492  9.636  9.811  7.681  8.235  9.460  9.239  9.741  9.470  9.318  9.768
    6.985190 0.5400000  4.4900 -0.6763  8.099  9.277  9.507  9.651  9.826  7.704  8.257  9.476  9.257  9.756  9.487  9.335  9.783
    6.991288 0.5400000  4.4874 -0.6881  8.120  9.294  9.523  9.667  9.841  7.726  8.280  9.493  9.274  9.771  9.503  9.353  9.798
    6.997403 0.5400000  4.4847 -0.6998  8.140  9.312  9.539  9.683  9.856  7.749  8.302  9.509  9.291  9.787  9.520  9.370  9.814
    7.003569 0.5400000  4.4821 -0.7115  8.161  9.330  9.555  9.698  9.872  7.773  8.325  9.526  9.309  9.802  9.537  9.387  9.829
    7.009800 0.5400000  4.4794 -0.7232  8.183  9.348  9.571  9.714  9.887  7.796  8.348  9.543  9.327  9.818  9.554  9.404  9.845
    7.016092 0.5400000  4.4768 -0.7349  8.204  9.366  9.587  9.730  9.902  7.820  8.371  9.559  9.344  9.833  9.570  9.422  9.860
    7.022441 0.5400000  4.4741 -0.7466  8.223  9.383  9.602  9.745  9.916  7.843  8.393  9.575  9.361  9.848  9.586  9.438  9.875
    7.028853 0.5400000  4.4715 -0.7583  8.243  9.399  9.617  9.759  9.930  7.867  8.416  9.590  9.377  9.862  9.601  9.454  9.889
    7.035338 0.5400000  4.4689 -0.7700  8.263  9.416  9.632  9.774  9.944  7.890  8.438  9.606  9.393  9.876  9.617  9.470  9.903
    7.041926 0.5400000  4.4663 -0.7816  8.283  9.433  9.646  9.788  9.958  7.914  8.461  9.621  9.410  9.890  9.632  9.486  9.917
    7.048620 0.5400000  4.4636 -0.7933  8.303  9.450  9.661  9.803  9.972  7.938  8.483  9.636  9.426  9.905  9.648  9.503  9.932
    7.055395 0.5400000  4.4610 -0.8050  8.323  9.467  9.676  9.817  9.986  7.963  8.506  9.652  9.443  9.919  9.663  9.519  9.946
    7.062246 0.5400000  4.4584 -0.8166  8.343  9.483  9.691  9.832 10.000  7.987  8.529  9.667  9.459  9.933  9.679  9.535  9.960
    7.069171 0.5400000  4.4557 -0.8283  8.363  9.500  9.706  9.846 10.014  8.012  8.552  9.683  9.475  9.947  9.694  9.551  9.974
    7.076186 0.5400000  4.4531 -0.8398  8.383  9.517  9.721  9.861 10.028  8.036  8.575  9.698  9.492  9.961  9.709  9.567  9.988
    7.083361 0.5400000  4.4505 -0.8514  8.403  9.534  9.736  9.875 10.042  8.061  8.598  9.714  9.508  9.975  9.725  9.583 10.002
    7.090707 0.5400000  4.4479 -0.8630  8.424  9.551  9.751  9.890 10.056  8.086  8.622  9.729  9.525  9.989  9.741  9.600 10.016
    7.098182 0.5400000  4.4453 -0.8746  8.444  9.568  9.766  9.904 10.069  8.112  8.645  9.744  9.541 10.004  9.756  9.616 10.030
    7.105769 0.5400000  4.4427 -0.8862  8.464  9.585  9.781  9.919 10.083  8.137  8.669  9.760  9.558 10.018  9.772  9.632 10.044
    7.113467 0.5400000  4.4400 -0.8978  8.485  9.602  9.796  9.933 10.097  8.163  8.693  9.775  9.574 10.032  9.787  9.648 10.058
    7.121269 0.5400000  4.4374 -0.9095  8.506  9.619  9.811  9.948 10.111  8.189  8.717  9.791  9.591 10.046  9.803  9.665 10.073
    7.129174 0.5400000  4.4348 -0.9210  8.526  9.636  9.826  9.963 10.125  8.215  8.741  9.806  9.608 10.060  9.818  9.681 10.087
    7.137226 0.5400000  4.4322 -0.9324  8.546  9.653  9.840  9.977 10.138  8.240  8.764  9.822  9.624 10.074  9.834  9.697 10.101
    7.145529 0.5400000  4.4296 -0.9439  8.567  9.670  9.855  9.991 10.152  8.267  8.788  9.837  9.640 10.088  9.849  9.714 10.115
    7.154037 0.5400000  4.4270 -0.9555  8.588  9.687  9.870 10.006 10.166  8.293  8.813  9.853  9.657 10.102  9.865  9.730 10.129
    7.162695 0.5400000  4.4244 -0.9671  8.609  9.704  9.886 10.021 10.180  8.320  8.837  9.869  9.674 10.116  9.881  9.747 10.143
    7.171505 0.5400000  4.4218 -0.9785  8.629  9.721  9.900 10.035 10.193  8.346  8.862  9.884  9.691 10.130  9.896  9.763 10.157
    7.180546 0.5400000  4.4192 -0.9900  8.650  9.738  9.915 10.050 10.207  8.373  8.886  9.899  9.707 10.144  9.912  9.779 10.171
    7.189767 0.5400000  4.4166 -1.0015  8.671  9.756  9.931 10.064 10.221  8.400  8.911  9.915  9.724 10.158  9.927  9.796 10.185
    7.199170 0.5400000  4.4140 -1.0131  8.692  9.773  9.946 10.079 10.235  8.428  8.936  9.931  9.741 10.173  9.943  9.812 10.199
    7.208720 0.5400000  4.4114 -1.0247  8.713  9.790  9.961 10.094 10.249  8.455  8.961  9.946  9.758 10.187  9.959  9.829 10.213
    7.218409 0.5400000  4.4088 -1.0363  8.735  9.808  9.976 10.108 10.263  8.483  8.987  9.962  9.775 10.201  9.975  9.846 10.227
    7.228222 0.5400000  4.4062 -1.0478  8.756  9.825  9.991 10.123 10.276  8.511  9.012  9.978  9.792 10.215  9.990  9.862 10.241
    7.238178 0.5400000  4.4035 -1.0594  8.777  9.843 10.007 10.138 10.290  8.539  9.038  9.994  9.809 10.229 10.006  9.879 10.255
    7.248276 0.5400000  4.4009 -1.0710  8.799  9.860 10.022 10.152 10.304  8.568  9.063 10.009  9.826 10.244 10.022  9.895 10.270
    7.258492 0.5400000  4.3983 -1.0825  8.820  9.878 10.037 10.167 10.318  8.596  9.089 10.025  9.842 10.258 10.038  9.912 10.284
    7.268836 0.5400000  4.3957 -1.0941  8.841  9.894 10.052 10.181 10.331  8.623  9.113 10.040  9.858 10.271 10.053  9.928 10.297
    7.279308 0.5400000  4.3930 -1.1057  8.860  9.911 10.066 10.195 10.344  8.650  9.137 10.054  9.874 10.284 10.067  9.943 10.310
    7.289872 0.5400000  4.3904 -1.1173  8.880  9.927 10.080 10.208 10.356  8.677  9.161 10.069  9.890 10.297 10.082  9.959 10.323
    7.300562 0.5400000  4.3878 -1.1289  8.900  9.943 10.094 10.222 10.369  8.704  9.185 10.084  9.906 10.310 10.097  9.974 10.336
    7.311336 0.5400000  4.3851 -1.1405  8.920  9.959 10.108 10.235 10.382  8.731  9.208 10.098  9.921 10.323 10.111  9.989 10.349
    7.322201 0.5400000  4.3825 -1.1521  8.939  9.975 10.122 10.248 10.394  8.758  9.232 10.112  9.936 10.336 10.125 10.004 10.362
    7.333146 0.5400000  4.3799 -1.1638  8.959  9.991 10.136 10.262 10.407  8.785  9.256 10.127  9.952 10.349 10.140 10.020 10.375
    7.344175 0.5400000  4.3772 -1.1754  8.979 10.007 10.149 10.275 10.419  8.812  9.280 10.141  9.967 10.362 10.154 10.035 10.388
    7.355278 0.5400000  4.3745 -1.1870  8.998 10.022 10.163 10.288 10.432  8.839  9.303 10.155  9.983 10.375 10.168 10.050 10.400
    7.366440 0.5400000  4.3719 -1.1986  9.018 10.038 10.176 10.301 10.444  8.867  9.327 10.169  9.998 10.387 10.182 10.065 10.413
    7.377680 0.5400000  4.3692 -1.2102  9.037 10.054 10.190 10.314 10.456  8.894  9.351 10.183 10.013 10.400 10.197 10.080 10.425
    7.389023 0.5400000  4.3666 -1.2218  9.057 10.069 10.203 10.327 10.468  8.921  9.374 10.197 10.028 10.412 10.211 10.094 10.438
    7.400437 0.5400000  4.3639 -1.2334  9.076 10.085 10.217 10.340 10.480  8.949  9.398 10.211 10.043 10.424 10.224 10.109 10.450
    7.411929 0.5400000  4.3612 -1.2450  9.095 10.100 10.230 10.353 10.492  8.976  9.422 10.225 10.058 10.437 10.238 10.124 10.462
    7.423517 0.5400000  4.3585 -1.2567  9.115 10.116 10.243 10.366 10.504  9.004  9.446 10.239 10.073 10.449 10.252 10.138 10.475
    7.435157 0.5400000  4.3558 -1.2682  9.134 10.131 10.256 10.378 10.516  9.032  9.469 10.252 10.087 10.461 10.266 10.153 10.487
    7.446882 0.5400000  4.3532 -1.2799  9.153 10.146 10.269 10.391 10.528  9.059  9.493 10.266 10.102 10.473 10.279 10.167 10.499
    7.458666 0.5400000  4.3505 -1.2914  9.172 10.161 10.282 10.403 10.539  9.087  9.516 10.279 10.116 10.485 10.293 10.181 10.510
    7.470557 0.5400000  4.3478 -1.3030  9.191 10.176 10.295 10.415 10.551  9.115  9.540 10.292 10.131 10.497 10.306 10.196 10.522
    7.482533 0.5400000  4.3451 -1.3146  9.210 10.191 10.308 10.428 10.562  9.143  9.563 10.306 10.145 10.509 10.320 10.210 10.534
    7.494619 0.5400000  4.3424 -1.3262  9.229 10.206 10.321 10.440 10.573  9.171  9.587 10.319 10.160 10.520 10.333 10.224 10.546
    7.506764 0.5400000  4.3397 -1.3378  9.247 10.221 10.333 10.452 10.585  9.199  9.610 10.332 10.174 10.532 10.346 10.238 10.557
    7.519010 0.5400000  4.3370 -1.3494  9.266 10.236 10.346 10.464 10.596  9.227  9.634 10.345 10.188 10.544 10.359 10.252 10.569
    7.531355 0.5400000  4.3343 -1.3610  9.285 10.251 10.359 10.476 10.607  9.255  9.657 10.358 10.203 10.555 10.372 10.266 10.581
    7.543724 0.5400000  4.3316 -1.3726  9.304 10.265 10.371 10.488 10.618  9.283  9.681 10.371 10.217 10.567 10.386 10.280 10.592
    7.556186 0.5400000  4.3289 -1.3842  9.322 10.280 10.384 10.500 10.629  9.311  9.704 10.384 10.231 10.578 10.399 10.294 10.603
    7.568729 0.5400000  4.3262 -1.3958  9.341 10.294 10.396 10.512 10.640  9.339  9.728 10.397 10.245 10.589 10.412 10.308 10.615
    7.581308 0.5400000  4.3235 -1.4074  9.359 10.309 10.408 10.524 10.651  9.368  9.751 10.410 10.259 10.601 10.424 10.321 10.626
    7.593975 0.5400000  4.3208 -1.4190  9.378 10.324 10.421 10.536 10.662  9.396  9.775 10.423 10.273 10.612 10.437 10.335 10.637
    7.606657 0.5400000  4.3181 -1.4306  9.396 10.338 10.433 10.547 10.673  9.425  9.798 10.435 10.287 10.623 10.450 10.349 10.648
    7.619395 0.5400000  4.3154 -1.4422  9.415 10.352 10.445 10.559 10.684  9.453  9.821 10.448 10.300 10.634 10.463 10.362 10.659
    7.632152 0.5400000  4.3127 -1.4539  9.434 10.367 10.457 10.571 10.694  9.482  9.845 10.461 10.314 10.645 10.476 10.376 10.671
    7.644944 0.5400000  4.3100 -1.4655  9.452 10.381 10.469 10.582 10.705  9.511  9.868 10.473 10.328 10.656 10.488 10.389 10.681
    7.657738 0.5400000  4.3073 -1.4771  9.470 10.395 10.481 10.594 10.716  9.539  9.892 10.486 10.342 10.667 10.501 10.403 10.692
    7.670561 0.5400000  4.3045 -1.4888  9.489 10.409 10.493 10.605 10.726  9.568  9.915 10.498 10.355 10.678 10.513 10.416 10.703
    7.683348 0.5400000  4.3018 -1.5005  9.507 10.424 10.505 10.617 10.737  9.597  9.939 10.511 10.369 10.689 10.526 10.430 10.714
    7.696128 0.5400000  4.2991 -1.5121  9.526 10.438 10.518 10.628 10.747  9.626  9.963 10.524 10.383 10.700 10.539 10.443 10.725
    7.708899 0.5400000  4.2964 -1.5238  9.545 10.453 10.530 10.640 10.759  9.655  9.987 10.537 10.397 10.712 10.552 10.457 10.737
    7.721660 0.5400000  4.2936 -1.5355  9.564 10.468 10.543 10.653 10.770  9.684 10.011 10.550 10.412 10.723 10.565 10.471 10.748
    7.734416 0.5400000  4.2909 -1.5471  9.584 10.483 10.555 10.664 10.781  9.713 10.035 10.563 10.426 10.735 10.578 10.485 10.760
    7.747150 0.5400000  4.2881 -1.5588  9.603 10.498 10.568 10.676 10.792  9.742 10.060 10.576 10.440 10.746 10.591 10.499 10.771
    7.759842 0.5400000  4.2854 -1.5705  9.622 10.513 10.580 10.688 10.803  9.771 10.084 10.589 10.454 10.758 10.604 10.513 10.783
    7.772496 0.5400000  4.2827 -1.5822  9.642 10.528 10.593 10.700 10.814  9.801 10.109 10.602 10.468 10.769 10.617 10.527 10.794
    7.785116 0.5400000  4.2799 -1.5939  9.661 10.543 10.605 10.712 10.825  9.830 10.133 10.615 10.482 10.780 10.630 10.541 10.805
    7.797707 0.5400000  4.2772 -1.6056  9.680 10.558 10.618 10.724 10.836  9.859 10.157 10.628 10.497 10.792 10.643 10.555 10.817
    7.810269 0.5400000  4.2744 -1.6173  9.700 10.572 10.630 10.736 10.847  9.889 10.182 10.641 10.511 10.803 10.656 10.569 10.828
    7.822779 0.5400000  4.2717 -1.6290  9.719 10.587 10.642 10.748 10.858  9.918 10.206 10.654 10.525 10.814 10.669 10.583 10.839
    7.835268 0.5400000  4.2689 -1.6407  9.739 10.602 10.655 10.759 10.869  9.948 10.231 10.666 10.539 10.826 10.682 10.597 10.850
    7.847711 0.5400000  4.2661 -1.6524  9.758 10.617 10.667 10.771 10.880  9.978 10.255 10.679 10.553 10.837 10.695 10.610 10.861
    7.860087 0.5400000  4.2634 -1.6641  9.777 10.632 10.679 10.783 10.890 10.007 10.280 10.692 10.567 10.848 10.708 10.624 10.873
    7.872431 0.5400000  4.2606 -1.6758  9.797 10.647 10.691 10.795 10.901 10.037 10.304 10.705 10.581 10.859 10.721 10.638 10.884
    7.884723 0.5400000  4.2579 -1.6875  9.816 10.661 10.704 10.806 10.912 10.067 10.329 10.718 10.595 10.870 10.733 10.652 10.895
    7.896938 0.5400000  4.2551 -1.6992  9.835 10.676 10.716 10.818 10.923 10.097 10.354 10.730 10.609 10.881 10.746 10.665 10.906
    7.909111 0.5400000  4.2523 -1.7110  9.855 10.691 10.728 10.830 10.934 10.127 10.378 10.743 10.623 10.892 10.759 10.679 10.917
    7.921211 0.5400000  4.2495 -1.7227  9.875 10.706 10.740 10.841 10.944 10.157 10.403 10.756 10.637 10.903 10.772 10.693 10.928
    7.933258 0.5400000  4.2468 -1.7344  9.894 10.720 10.752 10.853 10.955 10.187 10.428 10.769 10.651 10.914 10.784 10.706 10.939
    7.945228 0.5400000  4.2440 -1.7462  9.914 10.735 10.765 10.864 10.966 10.217 10.453 10.781 10.665 10.926 10.797 10.720 10.950
    7.957112 0.5400000  4.2412 -1.7580  9.933 10.750 10.777 10.876 10.977 10.247 10.478 10.794 10.679 10.937 10.810 10.734 10.961
    7.968914 0.5400000  4.2384 -1.7697  9.953 10.765 10.789 10.888 10.987 10.277 10.502 10.807 10.693 10.948 10.823 10.748 10.972
    7.980624 0.5400000  4.2356 -1.7815  9.972 10.780 10.801 10.899 10.998 10.308 10.528 10.819 10.707 10.959 10.835 10.761 10.983
    7.992254 0.5400000  4.2328 -1.7933  9.992 10.794 10.813 10.911 11.008 10.338 10.553 10.832 10.720 10.970 10.848 10.775 10.994
    8.003796 0.5400000  4.2300 -1.8050 10.012 10.809 10.825 10.922 11.019 10.369 10.577 10.845 10.734 10.981 10.861 10.789 11.005
    8.015279 0.5400000  4.2272 -1.8168 10.031 10.824 10.837 10.934 11.030 10.400 10.603 10.858 10.748 10.992 10.874 10.803 11.016
    8.026684 0.5400000  4.2245 -1.8286 10.051 10.839 10.850 10.946 11.041 10.431 10.628 10.870 10.763 11.003 10.887 10.816 11.027
    8.038005 0.5400000  4.2217 -1.8403 10.071 10.854 10.862 10.957 11.051 10.462 10.654 10.883 10.776 11.014 10.899 10.830 11.038
    8.049245 0.5400000  4.2189 -1.8521 10.091 10.869 10.874 10.969 11.062 10.493 10.679 10.896 10.791 11.025 10.912 10.844 11.049
    8.060404 0.5400000  4.2161 -1.8639 10.111 10.884 10.886 10.981 11.072 10.524 10.705 10.909 10.805 11.036 10.925 10.858 11.060
    8.071481 0.5400000  4.2133 -1.8757 10.131 10.899 10.899 10.993 11.083 10.555 10.730 10.922 10.819 11.047 10.938 10.872 11.071
    8.082467 0.5400000  4.2105 -1.8875 10.151 10.914 10.911 11.004 11.094 10.587 10.756 10.934 10.833 11.058 10.951 10.886 11.082
    8.093379 0.5400000  4.2077 -1.8993 10.171 10.930 10.923 11.016 11.104 10.619 10.781 10.947 10.847 11.069 10.964 10.900 11.093
    8.104213 0.5400000  4.2049 -1.9111 10.191 10.945 10.936 11.027 11.115 10.650 10.807 10.960 10.862 11.080 10.977 10.913 11.104
    8.114950 0.5400000  4.2021 -1.9229 10.211 10.960 10.948 11.039 11.125 10.682 10.832 10.973 10.876 11.091 10.990 10.927 11.115
    8.125606 0.5400000  4.1993 -1.9347 10.231 10.976 10.960 11.050 11.136 10.714 10.858 10.985 10.890 11.102 11.003 10.941 11.126
    8.136175 0.5400000  4.1965 -1.9465 10.251 10.991 10.972 11.062 11.146 10.746 10.884 10.998 10.904 11.113 11.015 10.955 11.137
    8.146654 0.5400000  4.1936 -1.9583 10.271 11.006 10.984 11.073 11.156 10.778 10.909 11.011 10.918 11.124 11.028 10.969 11.148
    8.157041 0.5400000  4.1908 -1.9701 10.291 11.022 10.996 11.085 11.167 10.811 10.935 11.024 10.932 11.135 11.041 10.983 11.159
    8.167335 0.5400000  4.1880 -1.9819 10.311 11.037 11.009 11.097 11.177 10.843 10.961 11.037 10.946 11.146 11.054 10.997 11.170
    8.177559 0.5400000  4.1852 -1.9938 10.332 11.053 11.021 11.108 11.188 10.877 10.987 11.050 10.961 11.157 11.067 11.011 11.181
    8.187708 0.5400000  4.1824 -2.0056 10.352 11.068 11.033 11.120 11.198 10.910 11.013 11.063 10.975 11.168 11.080 11.026 11.192
    8.197784 0.5400000  4.1796 -2.0174 10.372 11.084 11.046 11.131 11.208 10.943 11.039 11.075 10.989 11.178 11.093 11.040 11.202
    8.207775 0.5400000  4.1767 -2.0292 10.392 11.099 11.058 11.143 11.219 10.976 11.065 11.088 11.003 11.189 11.105 11.054 11.213
    8.217684 0.5400000  4.1739 -2.0410 10.412 11.115 11.070 11.154 11.229 11.010 11.090 11.101 11.018 11.200 11.118 11.068 11.224
    8.227508 0.5400000  4.1711 -2.0529 10.432 11.130 11.083 11.166 11.239 11.044 11.116 11.114 11.032 11.211 11.131 11.082 11.235
    8.237256 0.5400000  4.1682 -2.0647 10.452 11.146 11.095 11.178 11.249 11.078 11.142 11.127 11.046 11.221 11.144 11.096 11.245
    8.246946 0.5400000  4.1654 -2.0765 10.472 11.162 11.107 11.189 11.259 11.112 11.168 11.139 11.060 11.232 11.156 11.109 11.256
    8.256575 0.5400000  4.1626 -2.0883 10.492 11.177 11.119 11.201 11.269 11.146 11.194 11.152 11.075 11.243 11.169 11.123 11.266
    8.266146 0.5400000  4.1598 -2.1001 10.511 11.193 11.132 11.212 11.279 11.181 11.220 11.165 11.089 11.254 11.182 11.137 11.277
    8.275665 0.5400000  4.1569 -2.1119 10.531 11.209 11.144 11.224 11.290 11.216 11.246 11.178 11.104 11.265 11.195 11.151 11.288
    8.285126 0.5400000  4.1541 -2.1237 10.551 11.225 11.157 11.235 11.300 11.252 11.272 11.191 11.118 11.275 11.208 11.166 11.299
    8.294523 0.5400000  4.1513 -2.1355 10.571 11.241 11.169 11.247 11.310 11.288 11.299 11.204 11.133 11.286 11.221 11.180 11.309
    8.303879 0.5400000  4.1485 -2.1473 10.591 11.257 11.182 11.259 11.320 11.324 11.325 11.218 11.148 11.297 11.235 11.195 11.320
    8.313181 0.5400000  4.1456 -2.1592 10.611 11.274 11.195 11.271 11.331 11.361 11.352 11.231 11.162 11.308 11.248 11.210 11.331
    8.322415 0.5400000  4.1428 -2.1710 10.630 11.290 11.208 11.282 11.341 11.399 11.379 11.244 11.177 11.319 11.261 11.224 11.342
    8.331625 0.5400000  4.1400 -2.1828 10.649 11.306 11.221 11.293 11.351 11.437 11.405 11.257 11.191 11.329 11.274 11.238 11.352
    8.340770 0.5400000  4.1371 -2.1946 10.668 11.322 11.233 11.305 11.360 11.477 11.432 11.270 11.205 11.339 11.287 11.253 11.362
    8.349844 0.5400000  4.1343 -2.2064 10.687 11.338 11.246 11.316 11.370 11.516 11.459 11.282 11.220 11.349 11.300 11.267 11.373
    8.358874 0.5400000  4.1315 -2.2183 10.706 11.354 11.259 11.327 11.380 11.557 11.486 11.295 11.234 11.360 11.313 11.281 11.383
    8.367857 0.5400000  4.1286 -2.2301 10.724 11.369 11.271 11.338 11.389 11.599 11.512 11.308 11.248 11.370 11.326 11.295 11.393
    8.376794 0.5400000  4.1258 -2.2419 10.742 11.385 11.283 11.349 11.398 11.643 11.539 11.320 11.262 11.379 11.338 11.309 11.402
    8.385679 0.5400000  4.1229 -2.2537 10.759 11.400 11.296 11.360 11.407 11.687 11.566 11.332 11.275 11.389 11.350 11.322 11.412
    8.394504 0.5400000  4.1201 -2.2656 10.776 11.415 11.308 11.371 11.416 11.734 11.593 11.344 11.289 11.398 11.362 11.336 11.421
    8.403270 0.5400000  4.1172 -2.2774 10.793 11.430 11.320 11.381 11.425 11.781 11.619 11.356 11.302 11.407 11.374 11.349 11.430
    8.411995 0.5400000  4.1144 -2.2892 10.810 11.444 11.332 11.392 11.434 11.830 11.646 11.368 11.315 11.416 11.386 11.362 11.439
    8.420676 0.5400000  4.1116 -2.3010 10.825 11.459 11.343 11.402 11.442 11.884 11.672 11.379 11.328 11.425 11.397 11.374 11.448
    8.429315 0.5400000  4.1087 -2.3129 10.841 11.473 11.355 11.411 11.450 11.941 11.698 11.390 11.341 11.433 11.409 11.387 11.456
    8.437914 0.5400000  4.1059 -2.3247 10.855 11.486 11.366 11.421 11.457 12.001 11.723 11.401 11.353 11.442 11.419 11.398 11.464
    8.446470 0.5400000  4.1030 -2.3365 10.869 11.499 11.377 11.430 11.465 12.064 11.748 11.412 11.364 11.450 11.430 11.410 11.472
    8.454987 0.5400000  4.1002 -2.3483 10.883 11.512 11.387 11.438 11.472 12.130 11.773 11.422 11.376 11.458 11.440 11.421 11.480
    8.463463 0.5400000  4.0973 -2.3602 10.896 11.525 11.398 11.447 11.479 12.198 11.798 11.432 11.387 11.466 11.450 11.433 11.488
    8.471900 0.5400000  4.0945 -2.3720 10.911 11.539 11.409 11.457 11.487 12.271 11.824 11.443 11.399 11.474 11.461 11.445 11.496
    8.480297 0.5400000  4.0916 -2.3838 10.925 11.552 11.421 11.466 11.494 12.347 11.849 11.453 11.412 11.482 11.472 11.457 11.504
    8.488655 0.5400000  4.0888 -2.3956 10.939 11.566 11.432 11.476 11.502 12.427 11.875 11.464 11.424 11.490 11.483 11.469 11.512
    8.496974 0.5400000  4.0859 -2.4075 10.954 11.580 11.444 11.486 11.510 12.510 11.902 11.476 11.437 11.498 11.494 11.482 11.521
    8.505253 0.5400000  4.0831 -2.4193 10.968 11.594 11.456 11.496 11.518 12.596 11.928 11.487 11.449 11.507 11.505 11.494 11.529
    8.513491 0.5400000  4.0802 -2.4311 10.982 11.607 11.469 11.505 11.526 12.686 11.955 11.498 11.462 11.515 11.516 11.507 11.538
    8.521686 0.5400000  4.0773 -2.4430 10.998 11.622 11.482 11.516 11.535 12.774 11.983 11.510 11.475 11.524 11.528 11.520 11.547
    8.529840 0.5400000  4.0745 -2.4548 11.014 11.638 11.495 11.528 11.544 12.862 12.012 11.523 11.490 11.533 11.541 11.534 11.557
    8.537954 0.5400000  4.0716 -2.4667 11.031 11.654 11.510 11.540 11.553 12.950 12.042 11.537 11.505 11.544 11.554 11.549 11.567
    8.546029 0.5400000  4.0687 -2.4785 11.048 11.671 11.524 11.552 11.563 13.040 12.072 11.550 11.520 11.554 11.568 11.564 11.577
    8.554057 0.5400000  4.0659 -2.4903 11.066 11.688 11.539 11.565 11.573 13.131 12.103 11.564 11.536 11.565 11.582 11.580 11.587
    8.562051 0.5400000  4.0630 -2.5022 11.084 11.706 11.555 11.578 11.583 13.223 12.136 11.579 11.552 11.576 11.596 11.596 11.598
    8.570019 0.5400000  4.0602 -2.5140 11.103 11.724 11.570 11.591 11.594 13.317 12.168 11.594 11.569 11.587 11.611 11.612 11.609
    8.577965 0.5400000  4.0573 -2.5258 11.122 11.742 11.587 11.605 11.604 13.415 12.200 11.609 11.586 11.599 11.626 11.629 11.620
    8.585885 0.5400000  4.0545 -2.5376 11.141 11.761 11.603 11.619 11.615 13.516 12.232 11.624 11.603 11.610 11.641 11.646 11.632
    8.593781 0.5400000  4.0516 -2.5494 11.161 11.780 11.620 11.633 11.627 13.620 12.265 11.640 11.620 11.622 11.657 11.663 11.644
    8.601659 0.5400000  4.0487 -2.5612 11.181 11.799 11.638 11.647 11.638 13.726 12.299 11.656 11.638 11.634 11.673 11.681 11.656
    8.609518 0.5400000  4.0459 -2.5731 11.201 11.819 11.656 11.662 11.650 13.835 12.333 11.672 11.656 11.647 11.690 11.700 11.669
    8.617359 0.5400000  4.0430 -2.5849 11.222 11.840 11.674 11.677 11.663 13.945 12.367 11.689 11.675 11.660 11.707 11.719 11.682
    8.625183 0.5400000  4.0402 -2.5967 11.243 11.860 11.693 11.693 11.675 14.059 12.401 11.706 11.694 11.673 11.724 11.738 11.695
    8.632991 0.5400000  4.0373 -2.6085 11.264 11.882 11.712 11.709 11.688 14.175 12.436 11.724 11.713 11.687 11.742 11.757 11.709
    8.640785 0.5400000  4.0345 -2.6203 11.286 11.903 11.732 11.726 11.701 14.295 12.472 11.742 11.733 11.701 11.760 11.777 11.723
    8.648554 0.5400000  4.0316 -2.6321 11.307 11.925 11.752 11.743 11.715 14.418 12.508 11.760 11.754 11.715 11.778 11.797 11.737
    8.656303 0.5400000  4.0288 -2.6439 11.330 11.947 11.772 11.760 11.729 14.542 12.544 11.779 11.775 11.730 11.797 11.818 11.752
    8.664092 0.5400000  4.0259 -2.6558 11.352 11.970 11.794 11.778 11.743 14.671 12.581 11.799 11.796 11.745 11.816 11.839 11.767
    8.671804 0.5400000  4.0231 -2.6674 11.375 11.993 11.815 11.796 11.757 14.799 12.618 11.818 11.818 11.761 11.836 11.860 11.783
    8.679629 0.5400000  4.0202 -2.6794 11.398 12.017 11.837 11.814 11.772 14.931 12.656 11.839 11.840 11.777 11.856 11.882 11.799
    8.687304 0.5400000  4.0174 -2.6910 11.421 12.040 11.859 11.833 11.787 15.050 12.694 11.859 11.862 11.792 11.875 11.904 11.814
    8.695104 0.5400000  4.0145 -2.7030 11.445 12.064 11.881 11.852 11.803 15.172 12.733 11.879 11.885 11.808 11.896 11.927 11.830
    8.702755 0.5400000  4.0117 -2.7147 11.468 12.089 11.904 11.871 11.818 15.290 12.771 11.900 11.907 11.825 11.917 11.949 11.847
    8.710518 0.5400000  4.0088 -2.7267 11.492 12.114 11.927 11.891 11.834 15.411 12.811 11.921 11.931 11.842 11.938 11.973 11.863
    8.718131 0.5400000  4.0060 -2.7381 11.516 12.138 11.950 11.910 11.850 15.525 12.850 11.942 11.954 11.858 11.959 11.996 11.880
    8.725997 0.5400000  4.0030 -2.7503 11.541 12.165 11.975 11.931 11.867 15.647 12.891 11.964 11.978 11.876 11.981 12.020 11.897
    8.733588 0.5400000  4.0002 -2.7621 11.565 12.190 11.999 11.951 11.883 15.763 12.932 11.986 12.002 11.893 12.003 12.044 11.914
    8.741191 0.5400000  3.9974 -2.7735 11.589 12.215 12.022 11.971 11.900 15.871 12.972 12.007 12.025 11.910 12.025 12.068 11.931
    8.749019 0.5400000  3.9945 -2.7857 11.615 12.242 12.047 11.992 11.917 15.983 13.014 12.030 12.050 11.929 12.047 12.093 11.950
    8.756581 0.5400000  3.9917 -2.7972 11.639 12.267 12.071 12.013 11.934 16.087 13.054 12.052 12.074 11.946 12.069 12.116 11.967
    8.764356 0.5400000  3.9888 -2.8091 11.664 12.294 12.096 12.034 11.951 16.193 13.097 12.075 12.099 11.964 12.092 12.141 11.985
    8.772062 0.5400000  3.9860 -2.8211 11.690 12.321 12.122 12.056 11.969 16.298 13.139 12.098 12.125 11.983 12.115 12.166 12.004
    8.779664 0.5400000  3.9831 -2.8328 11.715 12.348 12.147 12.077 11.987 16.398 13.182 12.121 12.150 12.001 12.138 12.191 12.022
    8.787320 0.5400000  3.9803 -2.8446 11.741 12.375 12.172 12.099 12.004 16.497 13.224 12.144 12.175 12.020 12.161 12.217 12.041
    8.794933 0.5400000  3.9774 -2.8565 11.767 12.402 12.198 12.121 12.023 16.597 13.268 12.167 12.201 12.039 12.184 12.242 12.060
    8.802512 0.5400000  3.9745 -2.8683 11.793 12.429 12.224 12.142 12.040 16.703 13.312 12.190 12.226 12.057 12.207 12.267 12.078
    8.810056 0.5400000  3.9717 -2.8802 11.819 12.456 12.249 12.164 12.059 16.811 13.356 12.214 12.251 12.076 12.231 12.293 12.097
    8.817567 0.5400000  3.9688 -2.8920 11.845 12.484 12.275 12.186 12.076 16.919 13.400 12.237 12.277 12.095 12.254 12.318 12.116
    8.825057 0.5400000  3.9659 -2.9038 11.871 12.511 12.300 12.208 12.094 17.027 13.445 12.260 12.302 12.114 12.277 12.344 12.135
    8.832530 0.5400000  3.9631 -2.9156 11.898 12.538 12.326 12.230 12.113 17.135 13.490 12.283 12.328 12.133 12.300 12.369 12.154
    8.840003 0.5400000  3.9602 -2.9275 11.925 12.566 12.352 12.252 12.131 17.245 13.536 12.307 12.354 12.152 12.324 12.395 12.173
    8.847440 0.5400000  3.9573 -2.9393 11.951 12.594 12.377 12.274 12.149 17.355 13.581 12.331 12.379 12.171 12.348 12.421 12.192
    8.854859 0.5400000  3.9545 -2.9512 11.978 12.622 12.403 12.297 12.168 17.466 13.628 12.354 12.405 12.191 12.371 12.447 12.211
    8.862238 0.5400000  3.9516 -2.9630 12.005 12.650 12.429 12.319 12.186 17.582 13.675 12.378 12.431 12.210 12.395 12.473 12.230
    8.869589 0.5400000  3.9487 -2.9749 12.032 12.678 12.455 12.341 12.204 17.701 13.722 12.401 12.457 12.229 12.418 12.498 12.249
    8.876869 0.5400000  3.9458 -2.9867 12.060 12.705 12.480 12.363 12.222 17.821 13.770 12.425 12.483 12.248 12.442 12.524 12.268
    8.884183 0.5400000  3.9430 -2.9983 12.087 12.733 12.505 12.385 12.240 17.940 13.817 12.448 12.508 12.267 12.465 12.550 12.287
    8.891607 0.5400000  3.9402 -3.0101 12.114 12.761 12.531 12.407 12.259 18.063 13.866 12.471 12.534 12.286 12.488 12.576 12.306
    8.899034 0.5400000  3.9373 -3.0219 12.142 12.789 12.556 12.429 12.277 18.187 13.915 12.495 12.560 12.306 12.512 12.601 12.325
    8.906450 0.5400000  3.9344 -3.0338 12.170 12.817 12.582 12.451 12.296 18.314 13.964 12.519 12.587 12.325 12.536 12.628 12.345
    8.913848 0.5400000  3.9316 -3.0456 12.199 12.845 12.607 12.473 12.314 18.442 14.014 12.542 12.613 12.344 12.559 12.654 12.364
    8.921245 0.5400000  3.9287 -3.0574 12.227 12.874 12.633 12.496 12.333 18.572 14.065 12.566 12.639 12.364 12.583 12.680 12.384
    8.928639 0.5400000  3.9258 -3.0692 12.256 12.902 12.659 12.518 12.351 18.705 14.117 12.590 12.665 12.383 12.607 12.706 12.403
    8.936017 0.5400000  3.9229 -3.0810 12.285 12.931 12.684 12.540 12.370 18.841 14.169 12.613 12.691 12.402 12.630 12.732 12.422
    8.943384 0.5400000  3.9201 -3.0928 12.314 12.959 12.710 12.562 12.389 18.978 14.222 12.637 12.718 12.422 12.654 12.758 12.442
    8.950747 0.5400000  3.9172 -3.1046 12.343 12.988 12.736 12.584 12.407 19.117 14.276 12.661 12.744 12.441 12.678 12.785 12.461
    8.958106 0.5400000  3.9143 -3.1164 12.373 13.016 12.761 12.607 12.426 19.258 14.331 12.684 12.770 12.461 12.702 12.811 12.481
    8.965467 0.5400000  3.9115 -3.1282 12.403 13.045 12.787 12.629 12.445 19.401 14.386 12.708 12.797 12.481 12.725 12.837 12.500
    8.972827 0.5400000  3.9086 -3.1400 12.433 13.074 12.813 12.651 12.463 19.547 14.442 12.732 12.823 12.500 12.749 12.864 12.520
    8.980194 0.5400000  3.9057 -3.1518 12.463 13.103 12.839 12.673 12.482 19.694 14.498 12.756 12.850 12.520 12.773 12.890 12.539
    8.987564 0.5400000  3.9029 -3.1636 12.493 13.132 12.865 12.696 12.501 19.843 14.555 12.780 12.876 12.540 12.797 12.917 12.559
    8.994942 0.5400000  3.9000 -3.1754 12.524 13.161 12.891 12.718 12.520 19.988 14.615 12.804 12.903 12.559 12.821 12.944 12.578
    9.002323 0.5400000  3.8971 -3.1872 12.556 13.191 12.916 12.740 12.538 20.135 14.674 12.827 12.930 12.579 12.845 12.970 12.598
    9.009712 0.5400000  3.8942 -3.1990 12.587 13.220 12.942 12.763 12.557 20.283 14.735 12.851 12.957 12.598 12.868 12.997 12.617
    9.017106 0.5400000  3.8914 -3.2108 12.619 13.250 12.968 12.785 12.576 20.432 14.797 12.875 12.984 12.618 12.892 13.024 12.637
    9.024508 0.5400000  3.8885 -3.2226 12.651 13.280 12.994 12.807 12.594 20.581 14.860 12.899 13.011 12.638 12.916 13.051 12.656
    9.031917 0.5400000  3.8856 -3.2344 12.684 13.310 13.020 12.830 12.613 20.731 14.923 12.923 13.038 12.657 12.940 13.078 12.676
    9.039340 0.5400000  3.8828 -3.2461 12.716 13.340 13.046 12.852 12.632 20.882 14.988 12.947 13.065 12.677 12.964 13.104 12.695
    9.046769 0.5400000  3.8799 -3.2580 12.750 13.370 13.072 12.875 12.651 21.035 15.053 12.971 13.093 12.697 12.988 13.132 12.715
    9.054197 0.5400000  3.8770 -3.2697 12.783 13.400 13.098 12.897 12.669 21.188 15.119 12.995 13.120 12.716 13.012 13.158 12.734
    9.061634 0.5400000  3.8741 -3.2815 12.817 13.431 13.124 12.920 12.688 21.339 15.187 13.019 13.148 12.736 13.036 13.186 12.754
    9.069084 0.5400000  3.8712 -3.2933 12.851 13.461 13.150 12.942 12.707 21.481 15.258 13.044 13.175 12.756 13.061 13.213 12.774
    9.076547 0.5400000  3.8684 -3.3051 12.886 13.492 13.177 12.965 12.726 21.622 15.329 13.068 13.203 12.775 13.085 13.241 12.793
    9.084027 0.5400000  3.8655 -3.3169 12.921 13.524 13.203 12.988 12.745 21.762 15.402 13.093 13.231 12.795 13.109 13.268 12.813
    9.091521 0.5400000  3.8626 -3.3286 12.957 13.555 13.229 13.010 12.763 21.900 15.476 13.117 13.259 12.815 13.134 13.296 12.833
    9.099030 0.5400000  3.8597 -3.3404 12.993 13.586 13.256 13.033 12.782 22.037 15.552 13.141 13.287 12.835 13.158 13.324 12.853
    9.106556 0.5400000  3.8568 -3.3522 13.029 13.618 13.282 13.056 12.801 22.173 15.628 13.166 13.315 12.855 13.183 13.352 12.873
    9.114099 0.5400000  3.8539 -3.3640 13.066 13.650 13.309 13.079 12.820 22.307 15.706 13.191 13.343 12.875 13.208 13.380 12.892
    9.121658 0.5400000  3.8510 -3.3757 13.103 13.682 13.335 13.101 12.839 22.439 15.786 13.215 13.372 12.894 13.232 13.408 12.912
    9.129236 0.5400000  3.8482 -3.3875 13.140 13.714 13.362 13.124 12.858 22.570 15.866 13.240 13.400 12.914 13.257 13.436 12.932
    9.136829 0.5400000  3.8453 -3.3993 13.178 13.746 13.389 13.147 12.878 22.700 15.947 13.265 13.429 12.934 13.282 13.465 12.952
    9.144440 0.5400000  3.8424 -3.4110 13.217 13.779 13.416 13.170 12.897 22.827 16.032 13.290 13.457 12.954 13.307 13.493 12.972
    9.152070 0.5400000  3.8396 -3.4228 13.257 13.812 13.443 13.193 12.916 22.953 16.119 13.315 13.486 12.974 13.332 13.522 12.992
    9.159717 0.5400000  3.8367 -3.4346 13.297 13.845 13.470 13.216 12.935 23.077 16.208 13.340 13.515 12.994 13.357 13.551 13.012
    9.167381 0.5400000  3.8338 -3.4463 13.338 13.878 13.497 13.239 12.954 23.200 16.298 13.364 13.545 13.014 13.382 13.579 13.032
    9.175064 0.5400000  3.8310 -3.4581 13.379 13.912 13.525 13.262 12.973 23.321 16.391 13.390 13.574 13.034 13.407 13.609 13.052
    9.182765 0.5400000  3.8281 -3.4699 13.421 13.946 13.552 13.286 12.992 23.441 16.485 13.415 13.604 13.055 13.432 13.638 13.072
    9.190484 0.5400000  3.8252 -3.4817 13.463 13.980 13.580 13.309 13.011 23.559 16.580 13.440 13.633 13.075 13.457 13.667 13.092
    9.198220 0.5400000  3.8223 -3.4934 13.505 14.014 13.607 13.332 13.030 23.676 16.677 13.465 13.663 13.095 13.483 13.696 13.112
    9.205979 0.5400000  3.8194 -3.5052 13.549 14.049 13.635 13.355 13.050 23.791 16.776 13.490 13.693 13.115 13.508 13.726 13.132
    9.213752 0.5400000  3.8166 -3.5170 13.593 14.083 13.663 13.379 13.069 23.905 16.877 13.516 13.723 13.136 13.534 13.756 13.153
    9.221542 0.5400000  3.8137 -3.5287 13.637 14.118 13.691 13.402 13.088 24.017 16.979 13.541 13.753 13.156 13.559 13.785 13.173
    9.229339 0.5400000  3.8108 -3.5405 13.683 14.154 13.719 13.426 13.107 24.133 17.084 13.567 13.784 13.176 13.585 13.816 13.193
    9.237158 0.5400000  3.8079 -3.5523 13.730 14.190 13.747 13.449 13.127 24.249 17.190 13.593 13.815 13.197 13.611 13.846 13.214
    9.244995 0.5400000  3.8051 -3.5640 13.778 14.226 13.776 13.473 13.147 24.365 17.298 13.619 13.846 13.217 13.637 13.877 13.234
    9.252846 0.5400000  3.8022 -3.5758 13.826 14.263 13.804 13.497 13.166 24.480 17.407 13.645 13.877 13.238 13.663 13.908 13.255
    9.260710 0.5400000  3.7993 -3.5876 13.876 14.300 13.833 13.522 13.186 24.595 17.519 13.671 13.909 13.259 13.690 13.939 13.276
    9.268584 0.5400000  3.7964 -3.5994 13.926 14.338 13.862 13.546 13.206 24.709 17.632 13.698 13.940 13.280 13.716 13.970 13.296
    9.276467 0.5400000  3.7936 -3.6112 13.977 14.376 13.892 13.570 13.226 24.823 17.747 13.724 13.972 13.301 13.743 14.002 13.317
    9.284357 0.5400000  3.7907 -3.6229 14.029 14.414 13.921 13.594 13.246 24.936 17.864 13.751 14.004 13.322 13.770 14.033 13.338
    9.292252 0.5400000  3.7878 -3.6347 14.081 14.452 13.950 13.619 13.266 25.049 17.982 13.778 14.037 13.343 13.796 14.065 13.359
    9.300149 0.5400000  3.7849 -3.6465 14.135 14.491 13.980 13.644 13.286 25.162 18.103 13.805 14.069 13.364 13.824 14.098 13.380
    9.308045 0.5400000  3.7820 -3.6583 14.189 14.530 14.010 13.669 13.307 25.274 18.225 13.832 14.102 13.385 13.851 14.130 13.401
    9.315941 0.5400000  3.7792 -3.6701 14.244 14.569 14.040 13.693 13.327 25.385 18.348 13.859 14.135 13.407 13.878 14.163 13.423
    9.323840 0.5400000  3.7763 -3.6819 14.300 14.610 14.070 13.719 13.348 25.497 18.468 13.887 14.169 13.428 13.906 14.196 13.444
    9.331742 0.5400000  3.7734 -3.6937 14.358 14.651 14.101 13.745 13.369 25.608 18.584 13.915 14.203 13.451 13.934 14.229 13.467
    9.339651 0.5400000  3.7705 -3.7055 14.417 14.693 14.132 13.771 13.390 25.719 18.701 13.943 14.237 13.473 13.962 14.263 13.489
    9.347567 0.5400000  3.7677 -3.7172 14.477 14.734 14.163 13.797 13.411 25.829 18.817 13.971 14.271 13.495 13.991 14.297 13.511
    9.355495 0.5400000  3.7648 -3.7290 14.538 14.777 14.195 13.823 13.433 25.939 18.934 14.000 14.306 13.518 14.019 14.331 13.534
    9.363434 0.5400000  3.7619 -3.7408 14.600 14.820 14.227 13.850 13.455 26.048 19.051 14.029 14.341 13.541 14.048 14.366 13.557
    9.371391 0.5400000  3.7591 -3.7526 14.662 14.863 14.259 13.876 13.477 26.157 19.168 14.058 14.377 13.564 14.077 14.401 13.580
    9.379360 0.5400000  3.7562 -3.7643 14.726 14.907 14.291 13.903 13.499 26.266 19.285 14.087 14.412 13.587 14.106 14.436 13.603
    9.387345 0.5400000  3.7535 -3.7760 14.789 14.950 14.324 13.930 13.521 26.370 19.399 14.116 14.448 13.610 14.135 14.470 13.626
    9.395393 0.5400000  3.7509 -3.7874 14.850 14.993 14.355 13.956 13.543 26.469 19.506 14.144 14.482 13.633 14.164 14.504 13.649
    9.403778 0.5400000  3.7487 -3.7976 14.904 15.030 14.383 13.980 13.564 26.554 19.600 14.170 14.513 13.654 14.190 14.535 13.670
    9.413294 0.5400000  3.7445 -3.8136 15.000 15.094 14.429 14.018 13.594 26.709 19.770 14.211 14.564 13.686 14.231 14.585 13.702
    9.420393 0.5400000  3.7416 -3.8245 15.066 15.138 14.461 14.043 13.615 26.813 19.886 14.239 14.599 13.708 14.259 14.619 13.724
    9.428073 0.5400000  3.7389 -3.8357 15.132 15.183 14.493 14.070 13.637 26.925 19.997 14.268 14.634 13.731 14.288 14.654 13.747
    9.436150 0.5400000  3.7361 -3.8472 15.197 15.228 14.527 14.099 13.660 27.046 20.105 14.298 14.671 13.756 14.318 14.691 13.771
    9.444442 0.5400000  3.7334 -3.8587 15.263 15.275 14.561 14.127 13.683 27.168 20.212 14.328 14.708 13.780 14.348 14.727 13.796
    9.452946 0.5400000  3.7305 -3.8708 15.334 15.324 14.597 14.157 13.708 27.302 20.327 14.361 14.747 13.806 14.381 14.766 13.822
    9.461228 0.5400000  3.7275 -3.8830 15.407 15.375 14.635 14.188 13.733 27.442 20.444 14.393 14.787 13.833 14.413 14.806 13.848
    9.469247 0.5400000  3.7246 -3.8947 15.478 15.425 14.671 14.218 13.757 27.578 20.555 14.425 14.826 13.858 14.445 14.845 13.873
    9.477331 0.5400000  3.7219 -3.9058 15.544 15.472 14.705 14.246 13.780 27.707 20.659 14.455 14.863 13.883 14.475 14.881 13.898
    9.485874 0.5400000  3.7191 -3.9173 15.613 15.520 14.741 14.276 13.805 27.842 20.766 14.487 14.901 13.908 14.507 14.919 13.923
    9.494648 0.5400000  3.7164 -3.9287 15.681 15.569 14.776 14.305 13.829 27.978 20.875 14.518 14.939 13.933 14.538 14.957 13.948
    9.503703 0.5400000  3.7136 -3.9406 15.753 15.620 14.813 14.336 13.854 28.124 20.990 14.551 14.979 13.960 14.571 14.997 13.975
    9.512635 0.5400000  3.7107 -3.9523 15.824 15.671 14.849 14.366 13.879 28.270 21.105 14.583 15.019 13.986 14.603 15.036 14.001
    9.521624 0.5400000  3.7079 -3.9639 15.894 15.721 14.886 14.396 13.904 28.417 21.218 14.615 15.058 14.012 14.635 15.075 14.027
    9.530821 0.5400000  3.7054 -3.9746 15.959 15.768 14.920 14.424 13.927 28.553 21.323 14.645 15.094 14.037 14.665 15.111 14.051
    9.540910 0.5400000  3.7028 -3.9855 16.026 15.816 14.954 14.453 13.951 28.694 21.430 14.675 15.131 14.061 14.695 15.148 14.076
    9.551800 0.5400000  3.7001 -3.9966 16.093 15.865 14.989 14.482 13.975 28.839 21.539 14.706 15.169 14.087 14.726 15.185 14.101
    9.564870 0.5400000  3.6973 -4.0083 16.165 15.917 15.027 14.513 14.001 29.007 21.658 14.739 15.209 14.113 14.759 15.225 14.127
    9.580690 0.5400000  3.6944 -4.0201 16.238 15.970 15.064 14.544 14.026 29.188 21.781 14.771 15.249 14.140 14.791 15.265 14.154
    9.595162 0.5400000  3.6917 -4.0313 16.307 16.019 15.100 14.574 14.050 29.368 21.899 14.802 15.287 14.165 14.823 15.303 14.179
    9.610466 0.5400000  3.6892 -4.0420 16.373 16.067 15.134 14.602 14.073 29.544 22.012 14.832 15.324 14.190 14.852 15.339 14.203
    9.625997 0.5400000  3.6869 -4.0515 16.431 16.109 15.165 14.627 14.094 29.705 22.114 14.858 15.356 14.211 14.879 15.371 14.225
    9.641349 0.5400000  3.6848 -4.0604 16.486 16.149 15.193 14.650 14.113 29.858 22.209 14.883 15.386 14.232 14.903 15.401 14.245
    9.655418 0.5400000  3.6828 -4.0688 16.537 16.186 15.220 14.673 14.131 30.005 22.299 14.906 15.414 14.251 14.927 15.429 14.264
    9.669044 0.5400000  3.6810 -4.0766 16.585 16.221 15.245 14.693 14.148 30.146 22.383 14.928 15.441 14.268 14.948 15.455 14.282
    9.682975 0.5400000  3.6793 -4.0837 16.629 16.253 15.268 14.712 14.164 30.275 22.460 14.947 15.465 14.285 14.968 15.479 14.298
    9.696372 0.5400000  3.6777 -4.0904 16.670 16.283 15.289 14.730 14.178 30.401 22.534 14.966 15.488 14.300 14.987 15.502 14.313
    9.708573 0.5400000  3.6762 -4.0969 16.710 16.312 15.310 14.747 14.192 30.541 22.604 14.984 15.509 14.315 15.005 15.523 14.328
    9.721120 0.5400000  3.6747 -4.1031 16.748 16.339 15.329 14.763 14.206 30.715 22.670 15.000 15.530 14.329 15.021 15.544 14.341
    9.733474 0.5400000  3.6732 -4.1092 16.786 16.366 15.348 14.779 14.218 30.893 22.734 15.017 15.550 14.342 15.038 15.564 14.355
    9.744302 0.5400000  3.6717 -4.1156 16.826 16.395 15.369 14.795 14.232 31.093 22.802 15.034 15.572 14.356 15.055 15.585 14.369
    9.755766 0.5400000  3.6697 -4.1237 16.877 16.431 15.394 14.816 14.249 31.361 22.890 15.056 15.599 14.374 15.077 15.612 14.387
    9.766368 0.5400000  3.6678 -4.1317 16.927 16.467 15.419 14.836 14.266 31.637 22.975 15.077 15.625 14.392 15.098 15.638 14.405
    9.776397 0.5400000  3.6659 -4.1396 16.976 16.502 15.443 14.857 14.282 31.923 23.059 15.098 15.651 14.409 15.119 15.664 14.422
    9.786389 0.5400000  3.6640 -4.1474 17.025 16.537 15.468 14.876 14.299 32.219 23.142 15.119 15.677 14.426 15.140 15.690 14.439
    9.796197 0.5400000  3.6622 -4.1547 17.070 16.569 15.490 14.895 14.314 32.508 23.219 15.138 15.700 14.442 15.159 15.713 14.455
    9.805807 0.5400000  3.6607 -4.1611 17.110 16.597 15.510 14.911 14.327 32.769 23.286 15.155 15.721 14.456 15.176 15.734 14.469
    9.814798 0.5400000  3.6591 -4.1675 17.150 16.626 15.529 14.927 14.341 33.038 23.353 15.172 15.742 14.470 15.193 15.755 14.483
    9.823673 0.5400000  3.6576 -4.1739 17.190 16.654 15.549 14.943 14.354 33.316 23.421 15.189 15.763 14.484 15.210 15.775 14.497
    9.832944 0.5400000  3.6561 -4.1803 17.230 16.682 15.569 14.959 14.367 33.603 23.488 15.205 15.784 14.498 15.226 15.796 14.510
    9.841209 0.5400000  3.6545 -4.1867 17.270 16.710 15.588 14.975 14.380 33.901 23.555 15.222 15.804 14.512 15.243 15.816 14.524
    9.850143 0.5400000  3.6530 -4.1930 17.309 16.738 15.607 14.991 14.393 34.198 23.622 15.238 15.825 14.526 15.259 15.837 14.538
    9.858097 0.5400000  3.6515 -4.1995 17.349 16.766 15.627 15.007 14.406 34.447 23.693 15.255 15.845 14.539 15.276 15.857 14.551
    9.866712 0.5400000  3.6499 -4.2060 17.388 16.794 15.646 15.022 14.419 34.698 23.764 15.271 15.865 14.553 15.292 15.877 14.565
    9.874666 0.5400000  3.6483 -4.2125 17.427 16.822 15.665 15.038 14.432 34.950 23.835 15.287 15.885 14.566 15.308 15.897 14.578
    9.880983 0.5400000  3.6467 -4.2189 17.466 16.849 15.684 15.053 14.445 35.201 23.906 15.303 15.905 14.579 15.324 15.916 14.591
    9.886778 0.5400000  3.6452 -4.2254 17.504 16.877 15.702 15.068 14.458 35.452 23.978 15.319 15.925 14.593 15.340 15.936 14.605
    9.894389 0.5400000  3.6436 -4.2319 17.543 16.904 15.721 15.083 14.470 35.705 24.049 15.335 15.944 14.606 15.355 15.956 14.618
    9.901486 0.5400000  3.6420 -4.2385 17.582 16.932 15.740 15.099 14.483 35.963 24.123 15.351 15.964 14.619 15.371 15.975 14.631
    9.908569 0.5400000  3.6404 -4.2451 17.621 16.960 15.759 15.114 14.496 36.222 24.197 15.367 15.984 14.632 15.387 15.995 14.644
    9.915433 0.5400000  3.6388 -4.2518 17.660 16.987 15.778 15.129 14.508 36.484 24.271 15.383 16.004 14.646 15.403 16.015 14.658
    9.922622 0.5400000  3.6372 -4.2585 17.700 17.015 15.797 15.145 14.521 36.748 24.347 15.399 16.024 14.659 15.419 16.034 14.671
    9.929216 0.5400000  3.6355 -4.2653 17.739 17.043 15.816 15.160 14.534 37.015 24.423 15.415 16.043 14.672 15.435 16.054 14.684
    9.935701 0.5400000  3.6339 -4.2721 17.779 17.071 15.835 15.175 14.547 37.285 24.500 15.430 16.063 14.686 15.451 16.074 14.697
    9.942074 0.5400000  3.6322 -4.2792 17.820 17.100 15.855 15.191 14.560 37.564 24.580 15.447 16.084 14.699 15.467 16.094 14.711
    9.948344 0.5400000  3.6304 -4.2863 17.861 17.130 15.875 15.207 14.573 37.850 24.662 15.463 16.104 14.713 15.484 16.114 14.725
    9.954549 0.5400000  3.6286 -4.2936 17.903 17.159 15.895 15.223 14.587 38.141 24.746 15.480 16.125 14.727 15.500 16.135 14.739
    9.960644 0.5400000  3.6268 -4.3010 17.944 17.189 15.915 15.239 14.600 38.409 24.824 15.497 16.146 14.741 15.517 16.155 14.753
    9.966621 0.5400000  3.6250 -4.3085 17.986 17.218 15.934 15.255 14.613 38.674 24.901 15.513 16.166 14.755 15.533 16.176 14.767
    9.972473 0.5400000  3.6231 -4.3162 18.028 17.248 15.955 15.271 14.627 38.941 24.980 15.530 16.187 14.769 15.550 16.197 14.781
    9.977837 0.5400000  3.6211 -4.3241 18.071 17.279 15.975 15.288 14.641 39.216 25.060 15.547 16.208 14.783 15.567 16.218 14.795
    9.983501 0.5400000  3.6191 -4.3323 18.115 17.310 15.996 15.305 14.655 39.490 25.142 15.565 16.230 14.798 15.585 16.240 14.810
    9.988693 0.5400000  3.6171 -4.3405 18.159 17.341 16.017 15.321 14.670 39.765 25.223 15.582 16.252 14.813 15.602 16.261 14.825
    9.993817 0.5400000  3.6151 -4.3489 18.203 17.372 16.038 15.338 14.684 40.039 25.305 15.600 16.273 14.828 15.620 16.283 14.840
    9.999217 0.5400000  3.6130 -4.3574 18.247 17.404 16.059 15.355 14.698 40.312 25.387 15.617 16.295 14.843 15.638 16.304 14.855
   10.004178 0.5400000  3.6108 -4.3661 18.292 17.436 16.081 15.372 14.713 40.586 25.470 15.635 16.317 14.858 15.656 16.326 14.870
   10.009068 0.5400000  3.6086 -4.3749 18.338 17.468 16.102 15.389 14.727 40.860 25.552 15.653 16.339 14.873 15.673 16.348 14.885
   10.013892 0.5400000  3.6064 -4.3839 18.383 17.500 16.123 15.407 14.742 41.133 25.636 15.671 16.361 14.889 15.691 16.370 14.901
   10.018979 0.5400000  3.6042 -4.3930 18.428 17.532 16.145 15.424 14.757 41.402 25.718 15.689 16.383 14.904 15.709 16.392 14.916
   10.023350 0.5400000  3.6019 -4.4023 18.474 17.565 16.166 15.441 14.772 41.670 25.802 15.707 16.405 14.919 15.728 16.414 14.931
   10.027986 0.5400000  3.5994 -4.4123 18.523 17.600 16.190 15.460 14.789 41.927 25.892 15.726 16.429 14.937 15.747 16.438 14.948
   10.032258 0.5400000  3.5969 -4.4223 18.572 17.635 16.213 15.479 14.805 42.172 25.982 15.746 16.453 14.954 15.767 16.462 14.965
   10.036483 0.5400000  3.5944 -4.4325 18.621 17.669 16.236 15.498 14.822 42.409 26.072 15.765 16.477 14.971 15.786 16.485 14.982
   10.040872 0.5400000  3.5919 -4.4427 18.669 17.704 16.259 15.516 14.838 42.635 26.161 15.785 16.500 14.988 15.806 16.509 14.999
   10.045542 0.5400000  3.5898 -4.4511 18.708 17.732 16.278 15.531 14.852 42.809 26.233 15.801 16.519 15.002 15.822 16.528 15.013
   10.049335 0.5400000  3.5880 -4.4586 18.742 17.757 16.294 15.545 14.864 42.960 26.297 15.815 16.536 15.015 15.836 16.545 15.026
   10.053550 0.5400000  3.5861 -4.4664 18.778 17.782 16.311 15.559 14.877 43.107 26.362 15.829 16.553 15.028 15.850 16.562 15.039
   10.057371 0.5400000  3.5841 -4.4743 18.813 17.808 16.328 15.572 14.890 43.251 26.428 15.844 16.571 15.041 15.865 16.579 15.052
   10.061142 0.5400000  3.5821 -4.4824 18.850 17.834 16.345 15.587 14.903 43.390 26.494 15.859 16.589 15.054 15.880 16.597 15.065
   10.065110 0.5400000  3.5800 -4.4906 18.886 17.860 16.363 15.601 14.916 43.524 26.561 15.874 16.606 15.067 15.894 16.614 15.078
   10.069282 0.5400000  3.5757 -4.5079 18.961 17.914 16.398 15.630 14.943 43.780 26.700 15.905 16.643 15.095 15.925 16.651 15.106
   10.071767 0.5400000  3.5726 -4.5206 19.015 17.953 16.424 15.651 14.964 43.973 26.800 15.928 16.669 15.116 15.948 16.677 15.126
   10.074411 0.5400000  3.5696 -4.5324 19.066 17.989 16.449 15.671 14.983 44.176 26.893 15.949 16.694 15.136 15.969 16.702 15.146
   10.077085 0.5400000  3.5672 -4.5420 19.106 18.018 16.468 15.688 14.999 44.338 26.968 15.967 16.714 15.152 15.986 16.722 15.162
   10.080017 0.5400000  3.5649 -4.5514 19.145 18.047 16.487 15.703 15.015 44.492 27.040 15.984 16.733 15.168 16.003 16.741 15.178
   10.083734 0.5400000  3.5621 -4.5629 19.192 18.081 16.510 15.723 15.035 44.675 27.126 16.005 16.756 15.187 16.024 16.764 15.197
   10.087350 0.5400000  3.5592 -4.5744 19.239 18.114 16.533 15.742 15.054 44.854 27.212 16.025 16.779 15.207 16.044 16.787 15.217
   10.090934 0.5400000  3.5563 -4.5859 19.285 18.147 16.556 15.761 15.074 45.029 27.296 16.046 16.802 15.226 16.065 16.809 15.236
   10.094639 0.5400000  3.5534 -4.5977 19.331 18.181 16.578 15.780 15.094 45.203 27.382 16.067 16.824 15.246 16.085 16.832 15.256
   10.098164 0.5400000  3.5505 -4.6095 19.377 18.214 16.601 15.799 15.114 45.372 27.466 16.088 16.847 15.266 16.106 16.854 15.276
   10.101650 0.5400000  3.5475 -4.6214 19.422 18.247 16.624 15.818 15.135 45.537 27.549 16.109 16.869 15.287 16.127 16.877 15.297
   10.105118 0.5400000  3.5446 -4.6332 19.467 18.279 16.646 15.837 15.156 45.696 27.631 16.130 16.891 15.307 16.147 16.898 15.317
   10.108399 0.5400000  3.5415 -4.6453 19.513 18.312 16.668 15.856 15.178 45.866 27.714 16.152 16.914 15.328 16.169 16.920 15.338
   10.111781 0.5400000  3.5385 -4.6574 19.558 18.345 16.690 15.876 15.201 46.034 27.796 16.173 16.935 15.350 16.190 16.942 15.360
   10.115132 0.5400000  3.5356 -4.6694 19.603 18.377 16.711 15.895 15.224 46.199 27.877 16.195 16.957 15.372 16.212 16.964 15.382
   10.118407 0.5400000  3.5326 -4.6814 19.647 18.409 16.732 15.914 15.247 46.362 27.957 16.217 16.978 15.394 16.233 16.985 15.404
   10.121550 0.5400000  3.5296 -4.6935 19.691 18.440 16.753 15.933 15.271 46.523 28.036 16.239 16.999 15.417 16.255 17.006 15.427
   10.124790 0.5400000  3.5265 -4.7056 19.735 18.471 16.774 15.952 15.295 46.681 28.114 16.260 17.020 15.439 16.276 17.026 15.449
   10.127909 0.5400000  3.5236 -4.7176 19.778 18.502 16.794 15.970 15.319 46.835 28.190 16.282 17.040 15.462 16.298 17.046 15.472
   10.131007 0.5400000  3.5206 -4.7296 19.820 18.532 16.814 15.989 15.344 46.987 28.266 16.304 17.060 15.485 16.319 17.066 15.495
   10.134078 0.5400000  3.5176 -4.7417 19.862 18.562 16.834 16.007 15.369 47.136 28.340 16.326 17.080 15.509 16.341 17.086 15.519
   10.137029 0.5400000  3.5146 -4.7539 19.904 18.592 16.854 16.026 15.395 47.285 28.414 16.348 17.099 15.532 16.363 17.105 15.542
   10.140004 0.5400000  3.5116 -4.7659 19.945 18.621 16.873 16.044 15.421 47.428 28.487 16.369 17.118 15.556 16.384 17.124 15.566
   10.142881 0.5400000  3.5086 -4.7779 19.985 18.650 16.892 16.063 15.449 47.572 28.559 16.392 17.138 15.581 16.407 17.144 15.591
   10.145727 0.5400000  3.5056 -4.7899 20.025 18.678 16.911 16.083 15.477 47.712 28.630 16.415 17.157 15.606 16.429 17.163 15.616
   10.148560 0.5400000  3.5026 -4.8020 20.065 18.707 16.931 16.102 15.506 47.853 28.701 16.438 17.176 15.631 16.452 17.182 15.642
   10.151347 0.5400000  3.4996 -4.8140 20.104 18.735 16.950 16.121 15.535 47.989 28.771 16.461 17.195 15.657 16.475 17.201 15.668
   10.154101 0.5400000  3.4966 -4.8260 20.143 18.763 16.968 16.140 15.565 48.123 28.840 16.484 17.214 15.683 16.498 17.219 15.694
   10.156848 0.5400000  3.4936 -4.8380 20.181 18.790 16.987 16.159 15.596 48.255 28.908 16.507 17.232 15.710 16.522 17.238 15.721
   10.159580 0.5400000  3.4907 -4.8501 20.219 18.817 17.005 16.179 15.627 48.385 28.975 16.531 17.251 15.737 16.545 17.256 15.748
   10.162289 0.5400000  3.4876 -4.8622 20.256 18.844 17.024 16.198 15.659 48.514 29.042 16.555 17.269 15.764 16.569 17.274 15.776
   10.164952 0.5400000  3.4846 -4.8742 20.293 18.871 17.042 16.218 15.691 48.639 29.107 16.578 17.287 15.791 16.593 17.292 15.803
   10.167596 0.5400000  3.4816 -4.8862 20.329 18.897 17.060 16.237 15.724 48.762 29.172 16.602 17.304 15.819 16.616 17.310 15.831
